      Init:194: > 
 InitBases:154: > 
 InitBases:169: < 
 InitHomes:173: > 
 InitHomes:190: < 
      Init:
         0: -1 -4 -3 -3 -3 -4 -1 -4 -2 -2 -1 -3 -2 -3 -1 -1 -2 -3 -1 -4 -1 -1 -2 -3 -3 -1 -1 -2 -1 -3 
       100: -1 -3 -4 -2 -2 -1 -1 -1 -4 -4 -4 -4 -2 -4 -3 -3 -2 -2 -3 -2 -3 -2 -1 -2 -3 -1 -3 -2 -2 -3 
       200: -2 -2 -1 -4 -4 -2 -3 -1 -2 -4 -1 -4 -3 -4 -1 -4 -2 -1 -2 -2 -4 -2 -3 -2 -2 -4 -2 -2 -4 -1 
       300: -4 -1 -3 -2 -1 -4 -2 -3 -2 -3 -1 -2 -1 -1 -3 -2 -3 -4 -2 -2 -1 -4 -2 -4 -2 -1 -2 -1 -2 -1 
       400: -3 -2 -3 -2 -1 -1 -3 -4 -3 -4 -1 -3 -2 -4 -4 -2 -1 -3 -1 -2 -1 -3 -2 -1 -1 -4 -1 -3 -4 -1 
       500: -2 -1 -2 -3 -3 -4 -2 -3 -2 -1 -3 -3 -2 -1 -2 -1 -2 -2 -4 -2 -1 -1 -1 -1 -2 -3 -4 -3 -4 -2 
       600: -3 -1 -3 -2 -3 -2 -2 -3 -1 -2 -1 -2 -3 -4 -3 -4 -2 -4 -2 -3 -1 -4 -3 -4 -4 -4 -3 -4 -3 -4 
       700: -3 -2 -4 -1 -3 -2 -4 -3 -1 -3 -2 -3 -1 -3 -1 +2 -3 -3 -4 -3 -2 -3 -4 -1 -2 -4 -3 -1 -1 -4 
       800: -2 -4 -3 -1 -1 -2 -4 -1 -1 -4 -4 -4 -2 -1 -2 -4 -2 -4 -1 -4 -4 -1 -4 -1 -4 -1 -1 -4 -4 -2 
       900: -1 -1 -2 -2 -1 -3 -3 -1 -1 -2 -3 -3 -2 -3 -2 -3 -2 -4 -3 -1 -1 -4 -3 -3 -2 -1 -1 -2 -1 -2 
      1000: -1 -3 -3 +3 -4 -4 -4 -1 -1 -3 -1 -1 -2 +1 -2 -1 -2 -3 -4 -4 -3 -4 -4 -4 -3 -2 -3 -1 -2 -3 
      1100: -1 -1 -1 -3 -2 -4 -1 -4 -3 -2 -2 -2 -2 -3 -1 -4 -1 -3 -3 -1 -1 -2 -4 -3 -3 -3 -4 -3 -3 -1 
      1200: -2 -2 -3 -2 -3 -1 -4 -4 -4 -4 -4 -3 -4 -3 -2 -2 -3 -1 -2 -2 -4 -2 -3 -1 -2 -4 -1 -3 -4 -1 
      1300: -3 -1 -3 -3 -4 -4 -2 -2 -3 -4 -1 -4 -2 -3 -3 -3 -4 -4 -1 -1 -3 -4 -2 -4 -4 -4 -2 -2 -1 -2 
      1400: -3 -1 -3 -3 -3 -3 -2 -4 -3 -3 -4 -3 -3 -2 -1 -1 -3 -1 -4 -1 -2 -4 -2 -4 -2 -3 -1 -2 -3 -4 
      1500: -4 -3 -2 -3 -3 -4 -2 -3 -4 -2 -1 -2 -1 -3 -1 -2 -2 -2 -4 -1 -4 -2 -2 -2 -1 -2 -3 -1 -2 -3 
      1600: -4 -3 -4 -2 -4 -2 -4 -1 -2 -2 -4 -2 -1 -1 -2 -1 -4 -1 -3 -2 -1 -2 -3 -3 -3 -4 -1 -2 -2 -3 
      1700: -4 -2 -3 -4 -1 -4 -3 -3 -1 -1 -4 -1 -1 -4 -1 -1 -2 -1 -4 -4 -3 -3 -1 -3 -3 -1 -4 -4 -3 -2 
      1800: -3 -2 -3 -2 -1 -2 -2 -1 -4 -2 -1 -3 -1 -3 -4 -2 -3 -3 -1 -3 -2 -2 -2 -4 -1 -4 -3 -3 -2 -3 
      1900: -1 -3 -1 -1 -4 -3 -4 -3 -4 -1 -1 -3 -4 -3 -2 -4 -1 -1 -3 -4 -3 -3 -4 -4 -1 -4 -2 -2 -4 -4 
      2000: -2 -3 -1 -2 -3 -3 -3 -1 -2 -2 -4 -4 -2 -1 -2 -1 -2 -1 -3 -2 -2 -3 -1 -3 -1 -2 -2 -1 -1 -1 
      2100: -1 -4 -1 -3 -3 -3 -4 -2 -1 -3 -4 -1 -2 -4 -4 -1 -4 -1 -2 -3 -2 -1 -2 -2 -3 -3 -4 -1 -2 -3 
      2200: -1 -2 -3 -2 -2 -3 -4 -3 -4 -3 -4 -3 -1 -2 -1 -1 -4 -3 -2 -3 -1 -4 -4 -2 -2 -3 -2 -3 -2 -1 
      2300: -4 -4 -1 -2 -1 -2 -2 -3 -4 -2 -4 -1 -3 -4 -3 -3 -2 -4 -2 -1 -2 -2 -2 +4 -2 -1 -1 -2 -2 -1 
      2400: -4 -2 -2 -2 -4 -1 -3 -3 -4 -4 -1 -1 -3 -4 -4 -3 -3 -3 -1 -4 -1 -2 -4 -3 -4 -4 -4 -1 -1 -2 
      2500: -4 -4 -2 -1 -3 -4 -2 -4 -3 -3 -2 -4 -3 -4 -4 -4 -4 -2 -2 -4 -3 -4 -2 -1 -4 -1 -1 -1 -4 -3 
      2600: -4 -1 -4 -2 -1 -3 -3 -2 -2 -4 -3 -4 -2 -2 -4 -4 -1 -1 -4 -4 -4 -3 -2 -2 -1 -4 -3 -3 -1 -1 
      2700: -3 -2 -1 -1 -2 -4 -1 -3 -2 -1 -3 -1 -1 -2 -4 -4 -3 -3 -4 -2 -3 -3 -2 -3 -1 -1 -3 -1 -2 -4 
      2800: -2 -4 -2 -4 -3 -2 -3 -3 -3 -2 -4 -1 -2 -2 -3 -2 -1 -2 -3 -2 -3 -3 -1 -1 -1 -3 -2 -3 -2 -1 
      2900: -4 -1 -3 -3 -1 -2 -1 -3 -4 -1 -3 -4 -1 -4 -3 -1 -1 -3 -3 -3 -3 -4 -4 -4 -4 -2 -2 -3 -4 -1 
      Init:208: < 
    Assign:077: > 
    Assign:107: a{25159 24989 29853 29999} < 30000
    Assign:108: < u=125339
    Assign:077: > 
    Assign:107: a{25159 24989 29853 29999} < 30000
    Assign:108: < u=0
      main:224: l= 108848543
      Init:194: > 
 InitBases:154: > 
 InitBases:169: < 
 InitHomes:173: > 
 InitHomes:190: < 
      Init:
         0: -4 -4 -3 -3 -4 -4 -3 -3 -2 -3 -3 -3 -3 -1 -4 -1 -3 -1 -1 -1 -3 -1 -4 -1 -4 -4 -1 -3 -1 -3 
       100: -4 -1 -4 -1 -3 -3 -2 -4 -1 -1 -1 -3 -1 -2 -2 -1 -1 -3 -2 -3 -2 -3 -2 -3 -4 -3 -1 -2 -2 -3 
       200: -1 -3 -2 -2 -2 -4 -4 -3 -2 -2 -3 -4 -2 -2 -3 -1 -4 -2 -2 -1 -1 -3 -1 -2 -1 -2 -4 -1 -1 -1 
       300: -3 -1 -3 -1 -1 -4 -1 -1 -2 -2 -1 -3 -1 -3 -4 -1 -2 -2 -3 -4 -1 -3 -4 -2 -3 -4 -1 -4 -3 -2 
       400: -1 -4 -2 -1 -3 -3 -3 -4 -2 -4 -1 -1 -3 -4 -2 -3 -4 -1 -1 -2 -1 -2 -4 -2 -3 -3 -2 -2 -1 -4 
       500: -1 -4 -2 -2 -1 -4 -1 -3 -1 -1 +1 -4 -1 -2 -4 -2 -2 -4 -4 -2 -2 -3 -4 -3 -4 -4 -4 -2 -1 -2 
       600: -2 -4 -2 -4 -4 -2 -4 -2 -2 -1 -4 -2 -4 -1 -1 -3 -3 -3 -1 -4 -1 -2 -1 -2 -1 -3 -3 -1 -2 -4 
       700: -4 -4 -3 -4 -3 -1 -1 -3 -2 -3 -1 -1 -1 -2 -3 -1 -3 -1 -2 -3 -3 -1 -2 -4 -4 -2 -2 -3 -1 -1 
       800: -3 -2 -2 -4 -2 -2 -1 -3 -4 -1 -2 -1 -2 -1 -1 -4 -4 -3 -2 -1 -4 -4 -3 -3 -1 -3 -3 -2 -1 -4 
       900: -3 -3 -3 -4 -1 -1 -4 -1 -1 -3 -1 -4 -3 -3 -4 -1 -2 -4 -1 -4 -4 -2 -4 -3 -1 -4 -4 -2 -2 -1 
      1000: -4 -2 -3 -1 -2 -4 -1 -3 -2 -1 -1 -2 -1 -3 -2 -3 -3 -3 -2 -4 -1 -2 -1 -4 -3 -3 -2 -1 -2 -1 
      1100: -4 -2 -2 -3 -2 -3 -1 -4 -3 -1 -3 -2 -2 -1 -2 -2 -2 -3 -3 -3 -3 -1 -1 -4 -3 -4 -1 -2 -3 -3 
      1200: -4 -1 -1 -4 -2 -1 -4 -3 -2 -1 -2 -1 -4 -1 -4 -3 -4 -4 -1 -3 -1 -2 -3 -2 -3 -1 -1 -1 -1 -2 
      1300: -2 -4 -4 -3 -3 -1 -1 -3 -2 -1 -3 -4 -1 -1 -4 -4 -4 -2 -1 -2 -3 -2 -2 -2 -3 -3 -1 -1 -3 -4 
      1400: -1 -4 -3 -4 -1 -1 -3 -2 -4 -1 -1 -2 +2 -2 -1 -3 -1 -1 -2 -1 -2 -4 -1 -2 -3 -4 -3 -1 -1 -2 
      1500: -4 -1 -2 -3 -1 -4 -2 -1 -3 -3 -2 -1 -3 -3 -2 -1 -2 -2 -3 -4 -4 -4 -3 -2 -2 -2 -1 -4 -4 -2 
      1600: -3 -2 -1 -2 -4 -2 -4 -4 -2 -4 -2 -3 -4 -2 -2 -3 -1 -4 -1 -3 +4 -1 -2 -4 -3 -1 -3 -3 -3 -1 
      1700: -2 -2 -4 -1 -4 -4 -2 -3 -3 -3 -3 -3 -3 -3 -3 -1 -2 -4 -3 -3 -1 -2 -4 -1 -2 -2 -2 -2 -3 -3 
      1800: -1 -1 -3 -3 -1 -1 -2 -2 -3 -2 -1 -4 -1 -2 -1 -2 -1 -2 -4 -1 -3 -2 -4 -2 -3 -2 -2 -2 -4 -3 
      1900: -1 -3 -4 -2 -2 -3 -1 -2 -1 -4 -4 -2 -1 -1 -3 -1 -1 -1 -2 -4 -2 -1 -2 -3 -3 -4 -3 -4 -4 -2 
      2000: -2 -4 -1 -2 -3 -1 -3 -4 -2 -3 -1 -2 -4 -3 -4 -1 -3 -1 -2 -3 -3 -3 -2 -1 -3 -4 -3 -3 -3 -4 
      2100: -4 -4 -1 -2 -4 -4 -4 -2 -3 -2 -1 -4 -4 -3 -4 -4 -4 -4 -2 -4 +3 -1 -3 -2 -4 -4 -1 -3 -1 -3 
      2200: -2 -3 -1 -3 -4 -1 -1 -3 -2 -1 -2 -1 -4 -2 -1 -1 -4 -4 -1 -2 -4 -2 -4 -4 -1 -4 -1 -1 -4 -3 
      2300: -2 -3 -3 -1 -2 -4 -1 -2 -4 -1 -3 -2 -4 -2 -3 -2 -1 -4 -1 -2 -3 -4 -3 -4 -1 -4 -3 -4 -2 -3 
      2400: -2 -2 -1 -4 -3 -1 -1 -3 -3 -2 -1 -3 -2 -4 -4 -1 -1 -4 -1 -4 -3 -3 -1 -1 -3 -4 -2 -2 -3 -3 
      2500: -1 -2 -3 -2 -1 -4 -4 -2 -1 -2 -1 -3 -2 -1 -3 -3 -3 -2 -4 -1 -4 -3 -2 -2 -4 -1 -2 -2 -4 -1 
      2600: -3 -1 -1 -1 -4 -2 -2 -3 -4 -2 -3 -1 -3 -2 -1 -3 -1 -2 -4 -1 -3 -3 -4 -1 -4 -2 -2 -4 -4 -3 
      2700: -4 -4 -2 -2 -4 -1 -3 -3 -4 -4 -2 -3 -2 -2 -2 -1 -2 -2 -4 -4 -2 -4 -1 -4 -3 -1 -4 -3 -3 -4 
      2800: -2 -2 -1 -2 -3 -1 -1 -2 -1 -1 -4 -3 -2 -4 -4 -2 -4 -1 -2 -2 -4 -1 -2 -1 -4 -4 -1 -3 -1 -3 
      2900: -2 -3 -3 -4 -1 -1 -2 -4 -2 -3 -3 -4 -1 -3 -1 -3 -3 -2 -3 -3 -4 -4 -2 -2 -4 -4 -2 -4 -1 -2 
      Init:208: < 
    Assign:077: > 
    Assign:107: a{29999 26621 29999 23381} < 30000
    Assign:108: < u=114758
    Assign:077: > 
    Assign:107: a{29999 26621 29999 23381} < 30000
    Assign:108: < u=0
      main:224: l= 107582236
      Init:194: > 
 InitBases:154: > 
 InitBases:169: < 
 InitHomes:173: > 
 InitHomes:190: < 
      Init:
         0: -3 -1 -2 -3 -3 -3 -4 -2 -1 -3 -4 -4 -3 -2 -3 -3 -2 -1 -1 -4 -1 -4 -1 -2 -1 -3 -4 -3 -2 -1 
       100: -3 -1 -2 -4 -3 -2 -4 -2 -3 -2 -2 -2 -1 -1 -3 -2 -3 -4 -3 -4 -4 -2 -1 -1 -2 -4 -3 -1 -3 -1 
       200: -3 -4 -4 -1 -2 -2 -1 -3 -1 -3 -2 -3 -3 -1 -2 -2 -1 -2 -2 -1 -1 -1 -4 -4 -1 -1 -1 -3 -3 -1 
       300: -2 -2 -2 -3 -3 -2 -2 -2 -2 -1 -1 -2 -1 -4 -3 -4 -4 -1 -3 -4 -1 -1 -4 -3 -1 -3 -2 -2 -3 -3 
       400: -4 -3 -2 -4 -4 -2 -3 -2 -4 -2 -3 -1 -3 -4 -3 -1 -2 -1 -1 -1 -1 -2 -2 -1 -3 -2 -2 -3 -1 -4 
       500: -4 -1 -1 -2 -1 -4 -2 -1 -2 -1 -1 -1 -4 -3 -4 -3 -3 -2 -3 -3 -1 -2 -4 -4 -1 -2 -2 -2 -2 -3 
       600: -1 -2 -2 -3 -1 -2 -3 -4 -1 -2 -1 -1 -3 -4 -4 -4 -4 -2 -2 -2 -2 -2 -1 -2 -2 -2 +4 -1 -4 -1 
       700: -1 -3 -3 -3 -1 -3 -2 -3 -1 -4 -3 -3 -2 -1 -4 -4 -2 -1 -3 -2 -4 -4 -2 -1 -2 -1 -3 -3 -4 -4 
       800: -1 -2 -4 -2 -4 -1 -4 -2 -2 -4 -4 -4 -1 -4 -3 -2 -1 -2 -2 -1 -4 -1 -1 -3 -1 -4 -1 -1 -1 -4 
       900: -3 -4 -4 -4 -1 -2 -2 -1 -3 -2 -4 -2 -3 -4 -3 -3 -1 -3 -4 -2 -2 -1 -1 -4 -2 -1 -4 -4 -4 -1 
      1000: -2 -3 -3 -3 -3 -1 -1 -3 -1 -3 -1 -1 -3 -3 -3 -2 -3 -4 -2 -4 -2 -3 -2 -4 -4 -1 -3 -1 -1 -3 
      1100: -1 -1 -1 -3 -4 -3 -1 -4 -2 -3 -2 -3 -2 -2 -1 -1 -4 -3 -4 -3 -4 -1 -4 -2 -1 -2 -2 -4 -3 -4 
      1200: -2 -2 -3 -2 -1 -1 -4 -4 -1 -2 -1 -3 -4 -1 -1 -1 -3 -3 -2 -3 -2 -4 -4 -1 -1 -1 -4 -2 -2 -1 
      1300: -2 -4 -3 -3 -2 -3 -3 -4 -2 -3 -4 -1 -3 -4 -4 -2 -4 -2 -1 -1 -3 -1 -4 -2 -4 -1 -2 -1 -3 -3 
      1400: -1 -2 -2 -4 -2 -2 -2 -2 -4 -2 -3 -1 -3 -4 -1 -1 -3 -4 -3 -2 -2 -4 -2 -2 -2 -3 -4 -1 -1 -2 
      1500: -1 -3 -4 -2 -2 -3 -2 -3 -4 -2 -3 -2 -2 -3 -1 -1 -2 -2 -1 -2 -1 -1 -3 -1 -3 -2 -1 -4 -2 -4 
      1600: -2 -2 -2 -3 -4 -3 -3 -2 -4 -3 -1 -2 -3 -2 -4 -3 -1 -4 -3 -2 -3 -2 -4 -3 -3 -3 -2 -3 -1 -4 
      1700: -3 -1 -3 -4 -4 -1 -1 -4 -3 -3 -1 -4 -4 -1 -3 -2 -4 -3 -1 -1 -2 -3 -3 -4 -4 -1 -1 -2 -2 -2 
      1800: -3 -1 -4 -4 -1 -4 -3 -2 -1 -4 -2 -4 -2 -1 -3 -2 -1 -4 -4 -2 -3 -3 -2 -4 -2 -3 -4 -1 -4 -1 
      1900: -3 -4 -4 -4 -1 -3 -1 -2 -2 -1 -4 -3 -2 -3 -1 -2 -3 -3 -1 -3 -3 -2 -4 -1 -2 -2 -4 -1 -4 -1 
      2000: -2 -3 -3 -4 -2 -1 -3 -1 -3 -4 -1 -4 -1 -4 -2 -3 -3 -4 -3 -3 -1 +1 -1 -3 -3 -4 -4 -3 -2 -4 
      2100: -4 -4 -1 -2 -1 -3 -4 -2 -2 -4 -3 -2 -1 -1 -4 -2 -2 -1 -2 -1 -3 -2 -1 -3 -1 -1 -1 -1 -1 -1 
      2200: -2 -1 -1 -2 -2 -2 -4 -1 +3 -3 -4 -2 -3 -3 -1 -3 -3 -3 -3 -2 -3 -3 -1 -3 -2 -4 -3 -2 -3 -3 
      2300: -4 -1 -2 -4 -4 -2 -3 -3 -3 -2 -2 -1 -3 -1 -2 -4 -1 -4 -4 -4 -2 -1 -4 -4 -3 -3 -4 -2 -1 -1 
      2400: -2 -3 -1 -2 -3 -4 -1 -4 -3 -3 -2 -3 -1 -2 -2 -4 -1 -4 -2 -1 -4 -3 -3 -1 -1 -2 -3 -1 -4 -2 
      2500: -1 -2 -1 -3 -3 -3 -2 -3 -3 -1 -2 -4 -4 -1 -2 -1 -2 -3 -2 -2 -1 -1 -4 -1 -4 -4 -1 -4 -4 -1 
      2600: -3 -4 -3 -1 -4 -4 -4 -1 -4 -3 -3 -2 -4 -1 -1 -3 -1 -3 -2 -2 -1 -3 -3 -1 -4 -3 -1 -2 -3 -1 
      2700: -1 -3 -2 -1 -2 -3 -2 -2 -1 -4 -3 -1 -1 -1 -3 -4 -3 -4 -2 -3 -1 -2 -4 -1 -3 -3 -4 -4 -2 -2 
      2800: -3 -2 -3 -1 -4 -2 -3 -1 -2 -3 -1 -1 -3 -4 -1 -1 -1 -2 -1 -1 -2 -4 -4 -4 -2 -4 -2 -1 -1 -3 
      2900: -2 -1 -4 -3 -1 -3 -3 -4 -1 -2 -4 -3 -3 -2 -2 -3 -1 +2 -1 -2 -4 -1 -4 -4 -3 -3 -2 -1 -2 -4 
      Init:208: < 
    Assign:077: > 
    Assign:107: a{29999 20003 29999 29999} < 30000
    Assign:108: < u=117899
    Assign:077: > 
    Assign:107: a{29999 20003 29999 29999} < 30000
    Assign:108: < u=0
      main:224: l= 128937558
      Init:194: > 
 InitBases:154: > 
 InitBases:169: < 
 InitHomes:173: > 
 InitHomes:190: < 
      Init:
         0: -1 -4 -3 -3 -1 -3 -2 -2 -2 -4 -2 -3 -4 -4 -3 -1 -3 -1 -2 -2 -2 -1 -1 -4 -2 -1 -4 -2 -3 -1 
       100: -1 -1 -2 -3 -3 -4 -3 -1 -2 -4 -2 -2 -4 -3 -2 -3 -2 -3 -3 -1 -3 -1 -3 -1 -4 -2 -2 -1 -3 -3 
       200: -2 -1 -3 -2 -3 -2 -3 -2 -1 -4 -2 -3 -1 -3 -4 -4 -1 -3 -2 -3 -3 -1 -2 -4 -1 -2 -1 -3 -2 -4 
       300: -1 -4 -4 -2 -2 -4 -4 -4 -4 -3 -1 -4 -1 -1 -3 -2 -3 -1 -1 -1 -3 -1 -4 -1 -3 -1 -1 -3 -4 -1 
       400: -4 -1 -3 -4 -1 -1 -2 -3 -2 -4 -1 -3 -3 -3 -4 -4 -1 -1 -1 -3 -3 -1 -1 -3 -3 -4 -4 -1 -2 -1 
       500: -1 -4 -1 -4 -2 -4 -2 -4 -2 -3 -1 -2 -3 -4 -1 -4 -3 -1 -4 -1 -1 -1 -3 -4 -2 -3 -1 -1 -4 -1 
       600: -3 -4 -1 -1 -1 -4 -2 -4 -4 -2 -3 -4 -4 -4 -2 -3 -3 -1 -2 -3 -2 -2 -2 -4 -1 -1 -4 -2 -3 -4 
       700: -3 -4 -4 -1 -3 -4 -2 -2 -4 -1 -3 -1 -1 -1 -1 -4 -1 -1 -4 -3 -4 -4 -3 -1 -1 -1 -1 -4 -1 -3 
       800: -4 -1 -4 -1 -1 -2 -2 -2 -3 -2 -3 -3 -1 -2 -3 -2 -3 -2 -3 -4 -1 -4 -1 -3 -3 -3 -4 -1 -1 -2 
       900: -2 -3 -3 -2 -2 -4 -2 -4 -3 -2 -1 -4 -2 -1 -4 -4 -4 -1 -2 -1 -2 -4 -3 -2 -2 -4 -1 -1 -2 -4 
      1000: -4 -2 -3 -1 -1 -3 -1 -2 -1 -3 -2 -1 -4 -3 -1 -4 -3 -1 -3 -2 -1 -3 -1 -3 -3 -2 -1 -2 -3 -1 
      1100: -3 -1 -4 -3 -2 -3 -4 -4 -1 -2 -2 -3 -1 -3 -2 -4 -3 -1 -1 -1 -1 -4 -1 -4 -3 -2 -1 -2 -4 -2 
      1200: -2 -1 -3 -1 -2 -1 -4 -4 -3 -2 -2 -2 -2 -1 -3 -1 -4 -1 -1 -1 -3 -4 -1 -2 -1 -1 -1 -3 -4 -3 
      1300: -3 -3 -1 -2 -4 -3 -3 -2 -3 -2 -1 -3 -4 -2 -1 -1 -1 -3 -1 -3 -1 -4 -1 -4 -4 -2 -2 -3 -2 -2 
      1400: -4 -2 -1 -2 -1 -4 -4 -1 -4 -3 -2 -1 -4 -2 -4 -1 -2 -2 -1 -3 -1 -4 -2 -2 -4 -1 -4 -1 -4 -4 
      1500: -3 -4 -2 -4 -2 -4 -4 -4 -3 -2 -1 -4 -2 -1 -2 -3 -3 -1 -4 -3 -4 -1 -4 -3 -3 -2 -2 -3 -3 -2 
      1600: -3 -2 -2 -4 -3 -1 -1 -4 -4 -3 -2 -4 -4 -4 -3 -1 -1 -4 -2 -3 -3 -1 -3 -1 -3 -3 -3 -3 -3 -3 
      1700: -2 -2 -3 -3 -3 -3 -3 -1 -3 -2 -3 -1 -2 -2 -4 -1 -4 -2 -2 -3 -3 -1 -3 -4 -4 -2 -1 -1 -1 -4 
      1800: -3 -4 -1 -2 -4 -3 -2 -2 -2 -4 -3 -3 -3 -1 -3 -3 -3 -1 -4 -3 -1 -3 -1 -2 -4 -2 -3 -4 -1 -1 
      1900: -2 -2 -4 -1 -3 -4 -2 -2 -2 -2 -2 -2 -4 -2 -1 -1 -2 -1 -4 -1 -3 -3 -3 -1 -3 -3 -4 -2 -2 -3 
      2000: -3 -1 -1 -4 -3 -4 -1 -3 -4 -1 -4 -2 -2 -1 -1 -4 -3 -1 -4 -4 -4 -1 -1 -1 -2 -4 -1 -4 -2 -1 
      2100: -4 -3 -3 -3 -2 -4 -2 -3 -1 -3 -4 -4 -2 -4 -1 -4 -1 -3 -3 -1 -4 -4 -1 -1 -1 -2 -2 -3 -2 +1 
      2200: -2 -4 -1 -4 -3 -2 -2 -1 -1 -4 -1 -2 -4 -2 -1 -1 -2 -4 -4 -2 -4 -4 -2 -3 -2 -1 -3 -2 -4 -2 
      2300: -3 -3 -1 -3 -2 -2 -2 -4 -1 -3 -2 -1 -4 -2 -2 -2 -3 -4 -3 -1 -2 -2 -2 -1 -1 -1 -2 +3 -2 -3 
      2400: -2 -1 -3 -4 -2 -2 -3 -4 -4 -4 -4 -1 -3 -2 -2 -3 -1 -4 -2 -1 -3 -1 -3 -3 -1 -1 -4 -4 -2 -2 
      2500: -3 -1 -3 -2 -4 -3 -3 -1 -4 -2 -3 -3 -1 -2 -3 -4 -2 -4 -4 -2 -4 -3 -1 -2 -3 -2 -4 -2 -3 -3 
      2600: -2 +2 -2 -3 -2 -4 -4 -4 -2 -1 -3 -4 -2 -1 -1 -1 -2 -3 -1 -3 -2 -1 -1 -1 -1 -1 -1 -2 -1 -3 
      2700: -1 -1 -2 -4 -3 -2 -2 -1 -4 -4 -4 -1 -2 -3 -3 -4 -1 -4 -2 -1 -4 -1 -3 -1 -3 -3 -4 -3 -2 -3 
      2800: -1 -4 -3 -1 -1 -2 -1 -3 -2 -2 -3 -1 -2 -2 -4 -3 -3 -1 -3 -1 -4 -4 -2 -4 -4 -2 -1 -4 -4 -3 
      2900: -2 -3 -3 -2 -2 -2 -1 -3 -4 -2 -3 -4 -1 -1 -2 -1 -1 +4 -1 -3 -3 -4 -4 -2 -3 -2 -4 -1 -2 -3 
      Init:208: < 
    Assign:077: > 
    Assign:107: a{29999 29999 20003 29999} < 30000
    Assign:108: < u=109526
    Assign:077: > 
    Assign:107: a{29999 29999 20003 29999} < 30000
    Assign:108: < u=0
      main:224: l= 185697533
      Init:194: > 
 InitBases:154: > 
 InitBases:169: < 
 InitHomes:173: > 
 InitHomes:190: < 
      Init:
         0: -3 -4 -4 -4 -1 -4 -2 -2 -4 -2 -2 -4 -4 -2 -4 -2 -2 -2 -4 -3 -4 -3 -3 -1 -1 -3 -3 -2 -4 -4 
       100: -3 -1 -3 -4 -4 -2 -2 -1 -3 -1 -1 -4 -1 -3 -3 -4 -1 -3 -1 -3 -2 -3 -2 -4 -3 -2 -2 -1 -4 -1 
       200: -4 -4 -3 -2 -1 -1 -2 -3 -3 -1 -3 -3 -1 -2 -3 -1 -1 -3 -2 -2 -3 -1 -1 -4 -1 -1 -4 -2 -1 -4 
       300: -1 -2 -3 -2 -4 -3 -3 -3 -1 -3 -3 -2 -3 -1 -4 -2 -4 -3 -1 -4 -3 -1 -3 -3 -4 -1 -4 -3 -2 -4 
       400: -1 -2 -3 -2 -2 -1 -3 -2 -3 -3 -1 -3 -4 -1 -1 -1 -1 -1 -1 -3 -1 -4 -3 -3 -3 -1 -3 -2 -3 -1 
       500: -3 -1 -3 -1 -2 -1 -2 -1 -1 -4 -1 -3 -4 -4 -2 -2 -3 -2 -1 -1 -1 -4 -2 -3 -4 -2 -1 -3 -3 -2 
       600: -4 -2 -4 -4 -3 -3 -1 -3 -1 -3 -2 -2 -4 -2 -3 -2 -4 -2 -4 -2 -3 -2 -2 -1 -3 -1 -2 -3 -3 -4 
       700: -4 -3 -3 -1 -3 -1 -3 -4 -3 -2 -4 -1 -1 -3 -2 -4 -3 -2 -3 -4 -1 -2 -3 -3 -4 -3 -4 -3 -2 -2 
       800: -4 -4 -1 -1 -2 -4 -4 -4 -3 -2 -2 -4 -1 -2 -4 -3 -3 -1 -4 -4 -2 -2 -2 -3 -2 -3 -1 -3 -4 -2 
       900: -4 -4 -2 -2 -4 -2 -1 -2 -1 -4 -4 -2 -1 -2 -1 -3 -3 -3 -1 -4 -2 -1 -4 -1 -2 -2 -3 -3 -4 -1 
      1000: -1 -3 -3 -1 -1 -3 -3 -4 +1 -4 -2 -2 -3 -3 -2 -2 -4 -1 -4 -1 -3 -1 -2 -3 -2 -2 -4 -4 -4 -2 
      1100: -3 -3 -2 -3 -3 -1 -4 -1 -4 -1 -3 -1 -4 -2 -2 -3 -1 -2 -1 -3 -3 -2 -2 -3 -2 +2 -2 -3 -3 -2 
      1200: -4 -1 -2 -2 -1 -3 -1 -3 -4 -1 -2 -2 -3 -1 -2 -4 -2 -1 -4 -2 -2 -1 -3 -3 -4 -2 -3 -4 -4 -3 
      1300: -4 -2 -2 -3 -2 -1 -1 -2 -1 -1 -2 -1 -4 -2 -1 -3 -1 -3 -2 -1 -1 -2 -3 -1 -3 -1 -2 -2 -3 -2 
      1400: -1 -4 -4 -3 -3 -1 -3 -1 -1 -2 -3 -3 -1 -3 -2 -1 -4 -3 -1 -1 -4 -1 -4 -3 -1 -4 -1 -1 -2 -2 
      1500: -1 -4 -1 -3 -1 -1 -4 -2 -3 -3 -4 -3 -1 -1 -3 -1 -2 -3 -2 -2 -1 -4 -1 -3 -1 -1 -1 -2 -3 -2 
      1600: -2 -1 -3 -3 -1 -4 -3 -1 -2 -3 -2 -2 -1 -2 -1 -1 -3 -3 -1 -3 -2 -3 -1 -3 -2 -1 -3 -4 -3 -2 
      1700: -1 -1 -2 -3 -2 -2 -2 -1 -1 -3 -4 -3 -1 -2 -1 -4 -1 -3 -4 -4 -1 -4 -2 -4 -1 -3 -2 -1 -1 -3 
      1800: -3 -4 -4 -1 -4 -2 -1 -2 -4 -2 -1 -2 -1 -2 -2 -3 -4 -2 -2 -3 -2 -4 -2 -2 -1 -1 -4 -1 -4 -3 
      1900: -4 -1 -2 -2 -2 -3 -2 -1 -1 -4 -2 -1 +3 -1 -3 -3 -4 -3 -1 -3 -2 -2 -2 -2 -1 -1 -4 -3 -3 -1 
      2000: -1 -2 -4 -4 -3 -1 -3 -2 -2 -4 -4 -1 -2 -2 -2 -3 -1 -3 -3 -3 -4 -1 -2 -1 -4 -2 -1 -3 -1 -4 
      2100: -3 -2 -1 -1 -1 -3 -1 -3 -1 -1 -4 -1 -3 -1 -1 -3 -4 -1 -2 -1 -2 -4 -3 -4 -1 -1 -1 -1 -1 -4 
      2200: -1 -2 -1 +4 -2 -1 -4 -2 -3 -2 -2 -3 -2 -4 -1 -4 -2 -1 -1 -1 -2 -4 -1 -2 -4 -4 -3 -2 -4 -3 
      2300: -2 -3 -3 -2 -1 -1 -2 -3 -2 -2 -1 -4 -4 -2 -2 -2 -2 -3 -2 -4 -1 -3 -4 -1 -2 -4 -2 -4 -1 -4 
      2400: -2 -1 -2 -1 -4 -1 -1 -1 -1 -3 -4 -4 -2 -1 -1 -2 -4 -3 -3 -3 -3 -1 -1 -3 -2 -4 -4 -2 -1 -2 
      2500: -2 -2 -1 -2 -1 -1 -3 -4 -2 -1 -4 -1 -2 -2 -3 -2 -3 -3 -2 -4 -1 -4 -4 -3 -4 -1 -1 -3 -2 -1 
      2600: -2 -4 -4 -2 -4 -4 -4 -3 -3 -1 -2 -3 -4 -3 -4 -2 -4 -2 -1 -4 -4 -1 -1 -3 -1 -3 -3 -3 -1 -1 
      2700: -4 -1 -3 -1 -4 -2 -2 -3 -4 -4 -4 -4 -4 -2 -3 -2 -2 -1 -4 -1 -2 -4 -3 -1 -4 -3 -3 -1 -3 -1 
      2800: -1 -2 -2 -1 -4 -2 -2 -1 -1 -1 -4 -1 -1 -4 -1 -4 -3 -3 -3 -4 -1 -1 -3 -1 -1 -2 -3 -1 -2 -1 
      2900: -1 -1 -4 -1 -3 -4 -2 -1 -2 -2 -3 -2 -3 -4 -3 -4 -1 -1 -3 -3 -1 -3 -4 -3 -3 -4 -4 -1 -2 -2 
      Init:208: < 
    Assign:077: > 
    Assign:107: a{29999 29999 29999 20003} < 30000
    Assign:108: < u=112903
    Assign:077: > 
    Assign:107: a{29999 29999 29999 20003} < 30000
    Assign:108: < u=0
      main:224: l= 107706920
      Init:194: > 
 InitBases:154: > 
 InitBases:169: < 
 InitHomes:173: > 
 InitHomes:190: < 
      Init:
         0: -2 -2 -2 -4 -1 -2 -3 -4 -3 -3 -3 -1 -2 -3 -1 -4 -3 -2 -1 -3 -3 -2 -4 -3 -2 -4 -1 -3 -3 -2 
       100: -1 -3 -2 -2 -3 -4 -1 -1 -2 -3 -3 -1 -4 -2 -1 -2 -2 -3 -2 -1 -2 -3 -3 -4 -3 -1 -3 -2 -4 -2 
       200: -1 -2 -3 -1 -2 -1 -3 -1 -3 -4 -2 -1 -1 -4 -2 -3 -2 -1 -2 -3 -2 -2 -4 -1 -3 -1 -1 -1 -3 -4 
       300: -3 -1 -3 -1 -1 -3 -1 -1 -2 -4 -2 -2 -2 -3 -2 -3 -1 -4 -3 -4 -2 -1 -4 -2 -1 -2 -1 -2 -4 -1 
       400: -1 -2 -4 -3 -4 -1 -1 -4 -3 -2 -1 -3 -3 -2 -4 -3 -3 -3 -3 -3 -4 -3 -1 -3 -4 -4 -3 -2 -1 -2 
       500: -4 -4 -4 -3 -2 -1 -3 -1 -2 -1 -2 -3 -2 -2 -2 -4 -2 -2 -3 -4 -4 -2 -1 -2 -1 -4 -3 -1 -2 -1 
       600: -2 -2 -4 -4 -3 -2 -1 -1 -3 -2 -3 -2 -1 -2 -2 -3 -3 -4 -3 -4 -1 -2 -3 -1 -1 -4 -4 -1 -3 -4 
       700: -2 -1 -4 -4 -4 -2 -2 -1 -3 -1 -2 -2 -4 -4 -1 -2 -4 -2 -3 -2 -2 -1 -1 -1 -1 -2 -1 -1 -1 -4 
       800: -4 -4 -3 -3 -4 -2 -2 -1 -1 -3 -1 -3 -2 -4 -2 -2 -2 -2 -3 -3 -2 -3 -3 -4 -4 -1 -4 -1 -1 -4 
       900: -1 -4 -4 -2 -2 -2 -4 -2 -1 -3 -1 -2 -2 -2 -1 -1 -1 -1 -4 -1 -1 -3 -1 -3 -3 -1 -2 -2 -2 -4 
      1000: -2 -1 -1 -3 -4 -4 -3 -3 -3 -1 -1 -3 -2 -3 -1 -2 -1 -2 -1 -1 -2 -4 -4 -2 -1 -2 -2 -2 -3 -2 
      1100: -4 -2 -2 -4 -4 -1 -4 -1 -3 -2 -1 -1 -4 -2 -4 -3 -2 -1 -3 -1 -2 -1 -1 -4 -4 -4 -2 -4 -2 -1 
      1200: -3 -3 -2 -1 -4 -2 -2 -3 -3 -4 -4 -1 -2 -1 -2 -1 -3 -1 -1 -1 -1 -3 -1 -1 -3 -1 -1 -4 -3 -1 
      1300: -3 -1 -3 +1 -1 -1 -1 -2 -2 -2 -2 -3 -1 -4 -2 -2 -2 -4 -2 -2 -3 -2 -2 -4 -4 -3 -4 -3 -3 -4 
      1400: -4 -2 -1 -4 -1 -2 -2 -2 -2 -3 -1 -1 -2 -2 -1 -4 -1 -4 -1 -4 -4 -2 -4 -4 -4 -4 -2 -1 -4 -2 
      1500: -2 -2 -1 -3 -3 -1 -3 -1 -3 -2 -3 -1 -3 -1 -1 -3 -3 -1 -4 -1 -1 -4 -3 -2 -4 -3 -2 -4 -4 -2 
      1600: -4 -1 -3 -1 -3 -2 -1 -2 -2 -4 -3 -4 -4 -1 -4 -4 -4 -4 -4 -4 -4 -2 -1 -3 -4 -2 -2 -1 -2 -3 
      1700: -2 -1 -2 -2 -4 -3 -2 -3 -1 -3 -1 -2 -4 -2 -2 -4 -3 -4 -3 -3 -2 -2 -4 -2 -3 -2 -2 -3 -1 -1 
      1800: -1 -1 -1 -4 -4 -4 -4 -3 -3 -1 -3 -3 -3 -4 -2 -4 -1 -4 -1 -4 -2 -2 -3 -1 -2 -2 -3 -1 -2 -1 
      1900: -2 -3 -1 -1 -1 -4 -1 -2 -4 -3 -4 -3 -3 -2 -2 -4 -3 -4 -4 -4 -3 -3 -1 -2 -3 -3 -1 -2 -2 -3 
      2000: -1 -3 -2 -4 -1 -4 -4 -2 -2 -2 -2 -1 -3 -2 -4 -2 -4 -4 -4 -3 -1 -3 -4 -2 -1 -3 -2 -3 -1 -2 
      2100: -4 -4 +2 -3 -1 -2 -1 -2 -3 -1 -3 -2 -3 -3 -1 -1 -3 -3 -3 -4 -3 -4 -4 -2 -2 -4 -2 -1 -3 -1 
      2200: -2 -1 -4 -2 -4 -4 -2 -4 -4 -4 -4 -1 -1 -4 -1 +4 -2 -1 -4 -4 -4 -3 -4 -1 -1 -4 -1 -2 -4 -4 
      2300: -1 +3 -1 -3 -4 -4 -1 -4 -4 -2 -3 -1 -2 -1 -1 -3 -1 -1 -2 -1 -1 -4 -4 -1 -2 -1 -2 -2 -2 -3 
      2400: -1 -2 -2 -1 -3 -3 -4 -2 -2 -1 -1 -1 -4 -4 -4 -3 -1 -4 -3 -1 -2 -3 -1 -2 -1 -3 -2 -4 -1 -4 
      2500: -3 -2 -4 -3 -2 -3 -2 -4 -1 -4 -4 -1 -4 -2 -4 -1 -2 -2 -3 -4 -1 -2 -3 -2 -2 -4 -2 -1 -3 -1 
      2600: -2 -1 -1 -2 -2 -4 -1 -3 -3 -2 -4 -4 -1 -1 -1 -3 -1 -3 -2 -3 -3 -3 -3 -1 -1 -1 -3 -3 -1 -2 
      2700: -4 -2 -3 -3 -1 -4 -1 -1 -3 -4 -1 -4 -1 -3 -3 -1 -2 -1 -1 -2 -3 -2 -2 -2 -1 -4 -4 -3 -4 -3 
      2800: -4 -2 -4 -4 -2 -3 -2 -4 -4 -2 -2 -3 -3 -3 -1 -2 -4 -4 -1 -2 -2 -3 -3 -3 -2 -3 -3 -2 -4 -2 
      2900: -1 -2 -3 -3 -2 -2 -2 -2 -3 -3 -4 -3 -4 -3 -2 -1 -2 -3 -2 -1 -1 -3 -2 -4 -1 -3 -2 -3 -4 -1 
      Init:208: < 
    Assign:077: > 
    Assign:107: a{29999 29999 20003 29999} < 30000
    Assign:108: < u=111539
    Assign:077: > 
    Assign:107: a{29999 29999 20003 29999} < 30000
    Assign:108: < u=0
      main:224: l= 183150861
      Init:194: > 
 InitBases:154: > 
 InitBases:169: < 
 InitHomes:173: > 
 InitHomes:190: < 
      Init:
         0: -3 -1 -2 -4 -1 -4 -1 -3 -2 -2 -2 -1 -1 -4 -3 -4 -2 -1 -1 -2 -4 -1 -2 -4 -1 -4 -3 -3 -1 -3 
       100: -2 -1 -4 -4 -2 -4 -4 -3 -3 -4 -3 -3 -2 -1 -1 -3 -1 -3 -1 -1 -4 -4 -1 -1 -1 -1 -1 -2 -2 -1 
       200: -3 -3 -4 -2 -3 -3 -3 -2 -2 -4 -3 -3 -2 -4 -1 -3 -4 -4 -1 -1 -3 -3 -3 -4 -1 -3 -4 -1 -2 -1 
       300: -1 -3 -3 -4 -1 -1 -2 -2 -3 -1 -2 -3 -3 -1 -3 -1 -1 -3 -4 -1 -3 -1 -1 -1 -1 -2 -2 -1 -1 -3 
       400: -4 -4 -2 -3 -1 -4 -1 -2 -1 -3 -4 -2 -1 -2 -1 -3 -4 -4 -1 -4 -2 -1 -1 -3 -3 -3 -2 -3 -1 -2 
       500: -3 -4 -3 -4 -4 -1 +1 -4 -3 -4 -4 -2 -4 -2 -3 -2 -4 -1 -1 -4 -2 -1 -4 -4 -4 -1 -4 -1 -3 -1 
       600: -4 -3 -4 -4 -1 -1 -3 -3 -4 -2 -2 -4 -2 -3 -2 -2 -3 -1 -3 -1 -3 -1 -3 -3 -1 -1 -4 -4 -2 -3 
       700: -4 -4 -3 -3 -2 -4 -1 -2 -1 -4 -4 -1 -2 -3 -1 -1 -2 -3 -2 -1 -3 -2 -4 -1 -4 -2 -4 -4 -4 -3 
       800: -3 -3 -3 -3 -1 -2 -1 -4 -4 -1 -3 -1 -4 -2 -2 -4 -3 -4 -1 -1 -3 -4 -2 -4 -4 -2 -3 -3 -1 -4 
       900: -2 -1 -2 -2 -3 -2 -4 -2 -4 -1 -2 -4 -1 -1 -1 -2 -3 -1 -1 -3 -4 -4 -3 -2 -1 -3 -2 -2 -2 -1 
      1000: -4 -1 -2 -2 -4 -3 -3 -2 -3 -3 -1 -3 -1 -4 -1 -2 -2 -2 -2 -3 -3 -2 -3 -3 -1 -3 -3 -2 -2 -2 
      1100: -3 -1 -4 -2 -4 -1 -3 -2 -3 -2 -1 -4 -3 -4 -4 -4 -2 -2 -1 -1 -4 -2 -1 -1 -2 -1 -2 -1 -3 -1 
      1200: -2 -1 -2 -3 -4 -1 -1 -2 -1 -1 -3 -4 -3 -3 -1 -2 -1 -1 -4 -1 -2 -4 -4 -3 -2 -4 -4 -3 -3 -2 
      1300: -1 -4 -3 -3 +2 -2 -3 -3 -2 -3 -1 -2 -3 -4 -3 -3 -3 -1 -4 -4 -3 -1 -2 -1 -3 -4 -4 -2 -4 -1 
      1400: -4 -3 -4 -3 -2 -4 -4 -4 -4 -2 -1 -4 -2 -1 -4 -1 -4 -4 -2 -1 -3 -2 -3 -1 -3 -1 -1 -1 -1 -1 
      1500: -3 -3 -2 -3 -4 -2 -2 -1 -2 -2 -4 -4 -1 -2 -3 -4 -4 -2 -3 -2 -4 -1 -4 -2 -4 -4 -1 -3 -1 -2 
      1600: -3 -1 -2 -4 -1 -3 -2 -4 -4 -3 -3 -2 -1 -1 -4 -4 -4 -2 -2 -3 -3 -2 -2 -3 -1 -2 -4 -3 -1 -2 
      1700: -2 -1 -4 -4 -4 -4 -1 -4 -4 -2 -2 -2 -3 -3 -3 -3 -2 -1 -2 -1 -3 -1 -1 -2 -2 -3 -2 -3 -4 -4 
      1800: -4 -2 -1 -2 -3 -2 -3 -1 -3 -2 -3 -2 -1 -4 -2 -4 -3 -2 -1 -4 -2 -3 -2 -2 -3 -1 -2 -3 -4 -3 
      1900: -3 -4 -2 -4 -1 -2 -3 -3 -1 -1 -3 -4 -4 -4 -2 -4 -3 -4 -2 -1 -1 -1 -2 -1 -1 -3 -3 -1 -3 -3 
      2000: -4 -4 -1 -2 -1 -1 -2 -2 -3 -1 -3 -4 -3 -4 -1 -4 -1 -3 -1 -4 -4 -1 -2 -1 -2 -2 -2 -2 -2 -1 
      2100: -4 -3 -1 -3 -3 -4 -2 -3 -3 -4 -1 -2 -2 -1 -3 -3 -2 -1 -1 -4 -1 -3 -1 -4 -4 -1 -4 -1 -1 -2 
      2200: -1 -3 -1 -2 -1 -3 -1 -1 -3 -4 -2 -1 -3 -2 -3 -2 -4 -2 -2 -1 -3 -3 -4 -3 -2 -2 -2 -1 -3 -3 
      2300: -2 -4 -2 -2 -3 -2 -4 -4 -3 -3 -2 -3 -4 -3 -2 -3 -3 -3 -1 -1 -2 -2 -4 -3 -1 -1 -3 -2 -1 -4 
      2400: -3 -4 -2 -3 -1 -3 -4 -2 -3 -3 -3 -4 -1 -2 -1 -4 -4 -2 -3 -4 -2 -3 -4 -3 -1 -1 -1 -4 -4 -3 
      2500: -1 -3 -2 -1 -1 -3 -2 -1 -3 -2 -2 -2 -2 -2 -1 -1 -2 -2 -3 -4 +3 -1 -1 -3 -1 -1 -4 -3 -3 -2 
      2600: -2 -1 -3 -3 -4 -3 -4 -4 -3 -4 -2 -3 -2 -2 -1 -1 -3 -1 -2 -4 -2 -4 -3 -2 -3 -2 -1 -4 -2 -1 
      2700: -2 -4 -2 -1 -1 -1 -3 -3 -1 -4 -3 -1 -3 -3 -4 -4 -2 -4 -4 -3 -1 -2 -1 -3 -4 -2 -1 -3 -4 -4 
      2800: -4 -4 -4 -4 -1 -3 -4 -3 -1 +4 -1 -2 -2 -3 -1 -3 -3 -3 -1 -4 -1 -3 -4 -3 -3 -2 -4 -4 -3 -3 
      2900: -1 -4 -2 -4 -1 -2 -1 -2 -3 -2 -4 -2 -4 -2 -4 -2 -2 -2 -4 -2 -3 -3 -1 -4 -2 -4 -1 -1 -3 -1 
      Init:208: < 
    Assign:077: > 
    Assign:107: a{29999 29999 29999 20003} < 30000
    Assign:108: < u=114386
    Assign:077: > 
    Assign:107: a{29999 29999 29999 20003} < 30000
    Assign:108: < u=0
      main:224: l= 119622209
      Init:194: > 
 InitBases:154: > 
 InitBases:169: < 
 InitHomes:173: > 
 InitHomes:190: < 
      Init:
         0: -3 -4 -3 -4 -4 -4 -3 -1 -3 -4 -2 -2 -4 -3 -1 -3 -1 -3 -2 -2 -1 -2 -2 -1 -3 -1 -2 -2 -1 -2 
       100: -1 -1 -3 -4 -1 -1 -2 -2 -1 -4 -3 -2 -2 -1 -3 -4 -2 -3 -3 -2 -2 -2 -2 -3 -2 -1 -4 -4 -1 -2 
       200: -2 -1 -2 -4 -3 -2 -3 -3 -2 -3 -2 -2 -3 -1 -1 -3 -1 -1 -4 -2 -3 -2 -2 -4 -4 -4 -1 -1 -1 -2 
       300: -4 -1 -1 -4 -1 -3 -3 -4 -1 -1 -2 -2 -3 -1 -2 -1 -2 -4 -1 -2 -3 -2 -3 -1 -3 -2 -4 -2 -2 -4 
       400: -2 -4 -1 -2 -4 -3 -4 -2 -2 -1 -4 -3 -1 -3 -4 -1 -3 -4 -1 -1 -3 -4 -1 -1 -2 -3 -1 -2 -2 -1 
       500: -3 -1 -3 -2 -3 -3 -3 -4 -2 -3 -2 -2 -1 -3 -1 -1 -4 -1 -1 -2 -1 -4 -4 -2 -2 -3 -3 -1 -3 -2 
       600: -3 -4 -3 -2 -3 -3 -1 -3 -2 -3 -4 -1 -1 -1 -4 -3 -3 -3 -2 -1 -4 -3 -3 -2 -1 -1 -1 -1 -4 -4 
       700: -4 -1 -3 -1 -2 -2 -3 -2 -1 -2 -1 -2 -4 -2 -4 -3 -4 -4 -4 -4 -3 -1 -1 -1 -3 -3 -2 -2 -1 -4 
       800: -2 -1 -4 -3 -3 -2 -1 -4 -1 -1 -4 -1 -2 -3 -4 -2 -2 -4 -1 -2 -3 -3 -3 -1 -3 -1 -1 -2 -3 -4 
       900: -3 -3 -1 -4 -4 -2 -1 -4 -4 -4 -4 -3 -2 -2 -3 -3 -1 -4 -1 -4 -2 -1 -3 -4 -4 -1 -1 -3 -4 -2 
      1000: -3 -2 -1 -2 -3 -1 -2 -1 -3 -4 -4 -4 -4 -3 -1 -2 -3 -3 -4 -3 -3 -1 -2 -3 -1 -3 -1 -4 -1 -2 
      1100: -3 -3 -3 -4 -4 -4 -4 -3 -1 -4 -3 -3 -3 -4 -2 -3 -2 -2 -4 -1 -2 -2 -2 -2 -2 -3 -2 -2 -3 -2 
      1200: -3 -2 -2 -1 -4 -4 -4 -2 -4 -1 -1 -4 -2 -3 -2 -1 -2 -1 -4 -4 -3 -2 -4 -4 -4 -3 -1 -1 -1 -1 
      1300: -2 -1 -2 -2 -4 -1 -1 -4 -1 -2 -1 -1 -4 -2 -2 -2 -3 -3 -3 -4 -1 -4 -2 -4 -1 -2 -2 -2 -2 -4 
      1400: -3 -3 -3 -1 -3 -2 -1 -2 -4 -1 -2 -3 -4 -4 -3 -4 -4 -3 -3 -3 -4 -1 -2 -2 -1 -4 -1 -4 -3 -1 
      1500: -2 -3 -3 -3 -3 -4 +1 -3 -2 -2 -2 -4 -1 -3 -3 -4 -1 -3 -1 -1 -4 -2 -4 -4 -1 -4 -1 -1 -1 -1 
      1600: -4 -3 -4 -3 -2 -1 -1 -1 -4 -3 -2 -1 -1 -1 -2 -4 -2 -2 -2 -2 -2 -2 -3 +2 -4 -4 -4 -3 -1 -3 
      1700: -4 -3 -1 -1 -2 -1 -3 -3 -4 -3 -1 -2 -1 -1 -2 -1 -1 -3 -4 -4 -1 -4 -1 -2 -1 -2 -4 -4 -4 -2 
      1800: -1 -3 -2 -1 -2 -2 -4 -4 -2 -3 -1 -1 -1 -4 -1 -3 -2 -2 -4 -1 -2 -1 -4 -3 -1 -4 -2 -1 -1 -4 
      1900: -1 -1 -1 -4 -1 -2 -3 -2 -1 -4 -4 -3 -2 -1 -3 -4 -2 -3 -2 -2 -1 -2 -2 -1 -3 -4 -3 -3 -2 -3 
      2000: -3 -2 -3 -4 -4 -1 -2 -2 -4 -4 -1 -2 -3 -4 -3 -2 -1 -4 -3 -1 -3 -2 -3 -1 -1 -3 -1 -4 -2 -2 
      2100: -1 -1 -3 -3 -1 -4 -2 -2 -3 -2 -4 -4 -4 -3 -1 -4 -4 -2 -2 -3 -4 -3 +4 -2 -2 -2 -1 -2 -2 -3 
      2200: -3 -4 -1 -3 -4 -1 -3 -4 -1 -4 -2 -3 -2 -4 -1 -2 -3 -3 -4 -2 -1 -3 -1 -3 -2 -2 -3 -1 -4 -2 
      2300: -4 -1 -3 -1 -2 -2 -3 -1 -4 -3 -3 -2 -4 -4 -2 -1 -1 -2 -1 -1 -4 -3 -3 -3 -3 -4 -3 -4 -1 -2 
      2400: -2 -3 -3 -2 -3 -2 -1 -4 -2 -3 -3 -1 -3 -2 -2 -2 -1 -1 -2 -2 -2 -3 -1 -1 -2 -2 -4 -4 -3 -1 
      2500: -2 -2 -2 -1 -4 -4 -2 -2 -1 -1 -2 -3 -2 -3 -2 -3 -3 -3 -1 -1 -4 -2 -2 -2 -1 -4 -1 -4 -3 -2 
      2600: -4 -4 -3 -1 -4 -3 -3 -3 -1 -2 -1 -1 -4 -1 -4 -4 -1 -4 -2 -3 -2 -3 -1 -3 -3 -1 -3 -2 -4 -1 
      2700: -1 -2 -1 +3 -2 -2 -1 -3 -2 -3 -2 -3 -4 -4 -4 -3 -3 -4 -4 -3 -2 -3 -1 -3 -3 -2 -1 -4 -1 -3 
      2800: -1 -1 -4 -4 -2 -2 -2 -2 -2 -4 -3 -3 -3 -4 -3 -3 -4 -1 -4 -1 -4 -2 -2 -2 -4 -4 -2 -1 -4 -4 
      2900: -3 -1 -1 -2 -2 -3 -2 -3 -4 -2 -3 -1 -3 -1 -2 -3 -1 -4 -2 -2 -1 -2 -4 -4 -3 -2 -1 -2 -4 -1 
      Init:208: < 
    Assign:077: > 
    Assign:107: a{29999 29999 20354 29648} < 30000
    Assign:108: < u=112578
    Assign:077: > 
    Assign:107: a{29999 29999 20354 29648} < 30000
    Assign:108: < u=0
      main:224: l= 114628936
      Init:194: > 
 InitBases:154: > 
 InitBases:169: < 
 InitHomes:173: > 
 InitHomes:190: < 
      Init:
         0: -1 -2 -4 -3 -1 -3 -4 -4 -4 -1 -1 -1 -1 -2 -2 -4 -1 -1 -4 -3 -2 -2 -2 -2 -2 -2 -4 -3 -3 -2 
       100: -1 -1 -2 -4 -3 -2 +2 -1 -1 -3 -3 -2 -3 -3 -2 -2 -1 -1 -2 -2 -2 -3 -2 -2 -2 -2 -4 -4 -1 -1 
       200: -4 -3 -1 -1 -2 -4 -2 -2 -3 -4 -1 -4 -3 -1 -4 -4 -1 -4 -1 -1 -3 -2 -2 -4 -3 -3 -2 -2 -3 -1 
       300: -3 -2 -2 -2 -4 -4 -4 -1 -1 -2 -4 -3 -1 -4 -3 -2 -2 -1 -2 -2 -2 -4 -3 -1 -2 -1 -3 -1 -2 -1 
       400: -3 -3 -1 -3 -1 -1 -3 -2 -4 -4 -3 -4 -4 -4 -1 -1 -2 -3 -2 -3 -3 -2 -3 -1 -1 -3 -2 -3 -1 -1 
       500: -1 -4 -4 -1 -4 -3 -2 -3 -2 -4 -4 -3 -4 -3 -4 -4 -2 -2 -2 -1 -2 -1 -1 -2 -4 -1 -1 -2 -4 -3 
       600: -1 -2 -3 -4 -2 -2 -3 -2 -4 -3 -1 -4 -2 -1 -2 -3 -1 -3 -3 -3 -4 -4 -4 -1 -4 -4 -1 -2 -4 -1 
       700: -4 -2 -4 -4 -1 -3 -2 -1 -4 -2 -4 -4 -4 -3 -2 -4 -2 -2 -4 -2 -1 -1 -2 -2 -2 -2 -1 -1 -3 -2 
       800: -4 -1 -4 -3 -3 -2 -4 -2 -2 -4 -3 -1 -4 -3 -4 -1 -1 -1 -3 -4 -1 -2 -3 -3 -1 -4 -1 -1 +3 -3 
       900: -1 -1 -3 -2 -2 -4 -3 -1 -3 -1 -1 -4 -2 -1 -2 -4 -4 -4 -2 -2 -1 -2 -1 -2 -1 -3 -4 -1 -2 -1 
      1000: -3 -4 -1 -4 -2 -4 -3 -4 -1 -1 -3 -3 -1 -1 -1 -4 -1 -3 -3 -3 -2 -1 -2 -4 -1 -1 -1 -1 -4 -2 
      1100: -1 -1 -2 -3 -1 -1 -1 -3 -1 -3 -1 -4 -3 -2 -3 -2 -1 -3 -4 -2 -4 -2 -3 -1 -4 -4 -2 -4 -2 -2 
      1200: -4 -3 -3 -3 -1 -3 -1 -2 -3 -3 -2 -1 -2 -3 -3 -3 -1 +4 -2 -1 -4 -3 -2 -3 -4 -1 -2 -4 -2 -4 
      1300: -3 -4 -1 -2 -2 -2 -4 -1 -1 -1 -4 -1 -4 -1 -1 -2 -3 -2 -4 -2 -2 -2 -3 -4 -2 -1 -3 -2 -3 -1 
      1400: -4 -3 -3 -4 -3 -1 -1 -2 -4 -4 -4 -4 -3 -4 -1 -1 -1 -2 -3 -4 -1 -1 -1 -1 -1 -1 -4 -1 -1 -1 
      1500: -1 -2 -3 -4 -1 -3 -1 -4 -1 -4 -1 -1 -2 -1 -2 -3 -1 -1 -1 -4 -3 -3 -3 -3 -4 -2 -4 -2 -1 -2 
      1600: -3 -1 -3 -3 -3 -4 -2 -3 -1 -1 -4 -1 -1 -1 -1 -2 -1 -4 -3 -3 -2 -2 -2 -2 -1 -4 -2 -3 -1 -2 
      1700: -1 -4 -2 -4 -3 -3 -1 -1 -2 -3 -2 -1 -1 -3 -3 -2 -2 -4 -1 -2 -2 -1 -3 -3 -2 -3 -3 -1 -3 -2 
      1800: -3 -2 -2 -4 -4 -3 -1 -1 -1 -1 -1 -4 -1 -1 -1 -2 -3 -3 -4 -4 -4 -3 -2 -1 -1 -3 -4 -1 -4 -1 
      1900: -4 -4 -2 -4 -1 -1 -1 -3 -1 -1 -1 -2 -1 -4 -2 -2 -1 -3 -3 -2 -3 -2 -1 -2 -3 -1 -2 -1 -4 -4 
      2000: -2 -1 -1 -3 -2 -2 -2 -1 -3 -2 -4 -2 -4 -4 -3 -4 -3 -4 -2 -3 -2 -4 -3 -2 -1 -3 -1 -2 -2 -4 
      2100: -4 -4 -4 -4 -2 -1 -4 -1 -2 -4 -1 -2 -4 -4 -4 -4 -2 -2 -1 -1 -3 -2 -3 -1 -1 -3 -2 -3 -4 -3 
      2200: -1 -2 -4 -3 -4 -2 -2 -3 -2 -3 -4 -1 -4 -4 -4 -3 -1 -2 -3 -1 -2 -1 -4 -3 -3 -3 -1 -2 -3 -4 
      2300: -3 -3 -4 -1 -3 -4 -4 -1 -3 -2 -2 -2 -3 -4 -3 -1 -3 -4 -2 -2 -3 -4 -3 -4 -4 -1 -2 -1 -4 -2 
      2400: -1 -4 -4 -3 -2 -3 -1 -3 -4 -1 -3 -1 -3 -3 -2 -4 -2 -3 -2 -4 -1 -1 -3 -1 -2 -2 -1 -3 -4 -3 
      2500: -1 -4 -1 -1 -1 -2 -3 -3 -4 -2 -2 -2 -3 -4 -1 -3 -2 -4 -1 -4 -3 -2 -2 -4 -4 -1 -3 -2 -3 -2 
      2600: -2 -1 -2 -1 -1 -2 -3 -3 -3 -3 -2 -4 -3 -1 -1 -1 -2 -2 -4 -1 -1 -2 -1 -2 -2 -1 -1 -3 -2 -4 
      2700: -1 -2 -1 -3 -3 -4 -1 -2 -2 -1 -3 -2 -3 -1 -4 -3 -1 -4 -2 -1 -1 -3 -4 -4 -2 -4 -1 -2 -3 -2 
      2800: -2 -4 -1 -3 +1 -2 -3 -1 -4 -2 -4 -1 -4 -3 -4 -3 -3 -2 -1 -3 -1 -3 -3 -3 -1 -3 -3 -4 -3 -1 
      2900: -3 -2 -1 -3 -4 -1 -4 -3 -1 -2 -4 -3 -3 -3 -4 -1 -1 -4 -3 -3 -1 -1 -3 -4 -2 -2 -4 -2 -2 -3 
      Init:208: < 
    Assign:077: > 
    Assign:107: a{27799 23138 29064 29999} < 30000
    Assign:108: < u=119388
    Assign:077: > 
    Assign:107: a{27799 23138 29064 29999} < 30000
    Assign:108: < u=0
      main:224: l= 109181088
      Init:194: > 
 InitBases:154: > 
 InitBases:169: < 
 InitHomes:173: > 
 InitHomes:190: < 
      Init:
         0: -4 -3 -2 -2 -4 +4 -2 -1 -4 -4 -3 -3 -4 -4 -1 -2 -3 -2 -1 -1 -4 -4 -1 -1 -3 -4 -4 -4 -2 -1 
       100: -4 -3 -1 -2 -4 -1 -2 -4 -4 -1 -2 -3 -2 -1 -3 -4 -3 -3 -3 -1 -2 -2 -1 -4 -2 -2 -3 -3 -4 -1 
       200: -1 -1 -3 -2 -4 -3 -1 -3 -1 -4 -2 -4 -4 -3 -3 -3 -2 -3 -2 -2 -3 -1 -2 -1 -3 -1 -4 -3 -4 -3 
       300: -3 -4 -3 -4 -2 -1 -2 -2 -2 -2 -3 -3 -3 -3 -1 -2 -2 -1 -2 -2 -3 -4 -3 -1 -2 -4 -3 -2 -2 -3 
       400: -2 -3 -2 -1 -4 -3 -3 -1 -2 -4 -3 -3 -4 -1 -1 -1 -4 -3 -4 -2 -1 -4 -4 -4 -1 -1 -2 -1 -3 -2 
       500: -2 -2 -4 -3 -1 -3 -3 -1 -4 -4 -3 -1 -2 -4 -2 -4 -2 -3 -1 -1 -4 -3 -1 -4 -4 -2 -3 -2 -1 -4 
       600: -1 -1 -3 -4 -2 -3 -1 -1 -2 -2 -2 -3 -3 -1 -2 -1 -2 -3 -2 -2 -1 -2 -3 -1 -2 -1 -3 -3 -3 -4 
       700: -3 -3 -3 -4 -2 -3 -1 -1 -3 -1 -3 -3 -4 -3 -4 -2 -1 -3 -1 -3 -4 -2 -2 -4 -1 -4 -2 -2 -1 -3 
       800: -4 -4 -2 -4 -4 -3 -3 -2 -1 -3 -1 -3 -1 -4 -4 -1 -3 -2 -1 -3 -3 -2 -1 -1 -3 -2 -4 -4 -4 -4 
       900: -1 -2 -1 -2 -1 -2 -2 -4 -3 -2 -3 -1 -2 -4 -1 -1 -3 -1 -2 -1 -3 -3 -3 -3 -3 -1 -1 -3 -4 -1 
      1000: -3 -3 -1 -1 -3 -4 -4 -2 -4 -2 -1 -4 -3 -2 -4 -1 -4 -3 -2 -3 -3 -4 -1 -4 -2 -2 -3 -2 -2 -2 
      1100: -1 +2 -1 -3 -4 -1 -2 -1 -2 -3 -3 -4 -2 -4 -1 -1 -2 -3 -2 -1 -4 -3 -1 -1 -4 -4 -4 -1 -1 -3 
      1200: -1 -3 -4 -3 -2 -1 -4 -3 -1 -2 -2 -3 -2 -2 -1 -1 -3 -4 -1 -4 -3 -2 -2 -1 -1 -2 -3 -4 -1 -4 
      1300: -4 -3 -4 -3 -3 -1 -3 -1 -2 -1 -2 -2 -1 -1 -1 -2 -2 -1 -2 -2 -1 -2 -3 -2 -1 -2 -1 -4 -1 -1 
      1400: -1 -3 -4 -1 -4 -2 -2 -3 -1 -4 -1 -4 -4 -1 -3 -2 -3 -1 -1 -4 -1 -3 -2 -2 -3 -1 -2 -4 -2 -1 
      1500: -3 -1 -1 -2 -1 -4 -4 -1 -4 -2 -3 -2 -2 -1 -1 -1 -4 -2 -2 -3 -2 -4 -2 -4 -1 -2 -4 -4 -3 -2 
      1600: -2 -3 -1 -3 -3 -1 -3 -1 -3 -2 -1 -2 -2 -3 -2 -3 -1 -3 -2 -4 -3 -2 -2 -2 -4 -3 -4 -3 -2 -2 
      1700: -3 -3 -1 -1 -1 -2 -3 -4 -2 -1 -3 -3 -1 -2 -3 -2 -4 -1 -3 -2 -4 -3 -4 -2 -2 -3 -2 -1 -4 -3 
      1800: -2 -1 -2 -1 -1 -3 -3 -2 -2 -1 -4 -3 -3 -2 -1 -2 -4 -4 -1 -1 -4 -2 -2 -1 -4 -4 -1 -1 -3 -2 
      1900: -3 -2 -4 -2 -2 -3 -4 -3 -4 -2 -4 -2 -2 -1 -2 -4 -4 -1 -1 -1 -1 -3 -1 -3 -1 -4 -1 -1 -4 -4 
      2000: -1 -1 -2 -3 -2 -2 -2 -1 -4 -2 -2 -1 -1 -2 -3 -3 -2 -3 -2 -1 -3 -3 -3 -2 -1 -3 -2 -2 -2 -2 
      2100: -1 -3 -4 -1 -1 -3 -2 -3 -3 -2 -3 -2 -1 -4 -3 -3 -2 -2 -2 -4 -3 -1 -4 -1 -2 -4 -1 -3 -1 -4 
      2200: -3 -1 -1 -2 -2 -1 -2 -2 -1 -1 -2 -2 -4 -3 -4 -4 -3 -3 -3 -2 -3 -1 -4 -4 -1 -2 -1 -3 -3 -4 
      2300: -3 -3 -1 -3 -2 -2 -1 -2 -3 -1 -3 -2 -2 -4 -1 -4 -4 -2 -3 -2 -2 -4 -4 -4 -1 -3 -2 -1 -2 -4 
      2400: -3 -1 -3 -2 -2 -2 -3 -4 -1 -2 -2 -1 -1 -4 -3 -4 -4 -1 -1 -1 -1 -3 -1 -1 -2 -1 -1 -2 -2 -3 
      2500: -1 -1 -4 -1 -2 -3 -1 -2 -4 -4 -4 -3 -3 -4 -4 -3 -4 -4 -1 -4 -4 -1 -1 -1 -2 -1 -4 -2 -2 -3 
      2600: -3 -2 -1 -4 -1 -2 -3 -1 -2 -3 -4 -2 -4 -3 -4 -1 -1 -3 -1 -4 -2 -1 -2 -1 -1 -3 -4 -1 -4 -2 
      2700: -4 -3 -2 -3 -4 -1 -1 -1 -2 -3 -1 -4 -2 -1 -1 +1 -1 -1 -3 -4 -3 -1 -3 -2 -4 -2 -1 -3 -2 -4 
      2800: -4 -1 -3 -2 -2 -3 -2 -4 -4 -3 -1 -3 -1 -3 -1 -4 -2 -1 -1 -2 -3 -4 -3 -1 -2 -4 -3 -2 -3 -3 
      2900: -1 -1 -1 -2 -4 -1 -1 -3 -2 -2 -2 -2 +3 -2 -4 -3 -3 -3 -3 -4 -4 -4 -3 -1 -3 -1 -2 -4 -3 -4 
      Init:208: < 
    Assign:077: > 
    Assign:107: a{29999 29999 20162 29840} < 30000
    Assign:108: < u=113096
    Assign:077: > 
    Assign:107: a{29999 29999 20162 29840} < 30000
    Assign:108: < u=0
      main:224: l= 144358239
      Init:194: > 
 InitBases:154: > 
 InitBases:169: < 
 InitHomes:173: > 
 InitHomes:190: < 
      Init:
         0: -3 -3 -3 -1 -1 -4 -3 -1 -3 -4 -3 -3 -1 -3 -1 -2 -2 -1 -3 -1 -2 -1 -1 -3 -2 -1 -2 -3 -2 -1 
       100: -3 -4 -2 -2 -4 -2 -4 -2 -2 -3 -1 -3 -2 -3 -4 -2 -4 -1 -2 -4 -4 -1 -3 -3 -2 -2 -2 -4 -2 -1 
       200: -1 -4 -3 -1 -3 -2 -2 -1 -2 -1 -1 -3 -2 -2 -2 -2 -4 -2 -1 -1 -1 -1 -3 -4 -3 -4 -3 -1 -1 -4 
       300: -3 -1 -2 -3 -3 -4 -3 -1 -2 -4 -4 -3 -3 -3 -2 -1 -4 -4 -3 -4 -4 -2 -3 -3 -1 -4 -3 -1 -1 -2 
       400: -2 -2 -4 -1 -4 -4 -2 -2 -1 -1 -1 -1 -1 -3 -2 -3 -4 -1 -2 -3 -2 -3 -4 -2 -4 -4 -3 -2 -3 -3 
       500: -1 -3 -4 -3 -1 -1 -3 +4 -4 -2 -3 -2 -4 -4 -1 -2 -4 -4 -4 -2 -4 -3 -4 -2 -1 -3 -3 -1 -1 -3 
       600: -2 -2 -1 -1 -1 -3 -2 -2 -3 -2 -1 -4 -1 -4 -1 -2 -1 -3 -2 -1 -2 -4 -3 -3 -4 -2 -1 -2 -4 -1 
       700: -3 -2 -4 -1 -1 -4 -3 -1 -2 -3 -2 -4 -2 -1 -2 -4 -3 -3 -3 -4 -2 -4 -3 -3 -4 -4 -1 -1 -2 -1 
       800: -4 -1 -4 -2 -1 -2 -1 -4 -3 -3 -3 -1 -4 -1 -1 -1 -4 -1 -3 -4 -4 -1 -4 -1 -4 -4 -2 -2 -2 -2 
       900: -2 -3 -2 -2 -4 -3 -2 -4 -2 -4 -3 -2 -2 -2 -3 -2 -4 -2 -3 -2 -2 -1 -3 -2 -2 -1 -1 -3 -1 -2 
      1000: -1 -3 -3 -1 -3 -1 -2 -4 -1 -3 -2 -4 -1 -1 -1 -2 -2 -2 -1 -3 -1 -1 -1 -2 -2 -3 -1 -3 -3 -3 
      1100: -1 -2 -1 -1 -3 -4 -1 -4 -4 -2 -2 -2 -1 -1 -2 -2 -1 -2 -1 -4 -1 -1 -2 -1 -2 -4 -2 -4 -4 -1 
      1200: -4 -2 -3 -3 -2 -1 -1 -2 -2 -4 -2 -4 -3 -2 -3 -2 -1 -2 -4 -1 -1 -1 -1 -3 -1 -3 -2 -1 -2 -2 
      1300: -4 -1 -1 -4 -1 -1 -2 -4 -3 -2 -1 -3 -2 -3 -1 -3 -4 -4 -4 -1 -1 -2 -4 -3 -1 -1 -4 -4 -3 -2 
      1400: -2 -2 -2 -4 -4 -2 -3 -3 -1 -3 -2 -1 -1 -3 -4 -1 -4 -1 -2 -1 -1 -4 -2 -2 -1 -3 -1 -1 -4 -2 
      1500: -1 -1 -3 -1 -2 -3 -3 -3 -3 -2 -1 -4 -3 -3 -1 -3 -1 -2 -2 -4 -3 -1 -4 -1 -4 -3 -2 -1 -4 -1 
      1600: -3 -1 -4 -2 -2 -3 -1 -4 -3 -1 -4 -1 -1 -2 -2 -3 -2 -4 -1 -1 -2 -2 -1 -2 -1 -4 -1 -3 -4 -4 
      1700: -4 -4 -2 -2 -4 -4 -3 -2 -2 -2 -4 -3 -1 -1 -2 -1 -2 -2 -1 -2 -1 -4 -3 -1 -4 -3 -4 -2 -2 -4 
      1800: -4 -4 -3 -4 -4 -3 -4 -3 -2 -2 -2 -2 -3 -3 -3 -1 -4 -4 -1 -2 -4 -2 -4 -4 -4 -3 -4 -4 -1 -2 
      1900: -2 -2 -1 -1 -2 -3 +3 -4 -2 -4 -3 -1 -2 -3 -1 -1 -2 -2 -1 -3 -2 -3 -1 -1 -3 -1 -3 -3 -2 -4 
      2000: -2 -2 -2 -3 -3 -3 -1 -2 -1 -3 -2 -1 -4 -4 -2 -1 -3 -3 -2 -2 -1 -2 -4 -4 -1 -2 -4 -2 -3 -4 
      2100: -3 -3 -3 -3 -3 -1 -2 -3 +2 -4 -3 -1 -2 -1 -3 -3 -4 -3 -4 -1 -3 -3 -3 -4 -4 -2 -4 -2 -2 -2 
      2200: -2 -3 -1 -2 -2 -3 -2 -1 -3 -3 -3 -1 -3 -1 -2 -4 -4 -2 -3 -1 -2 -1 -3 -1 -1 -2 -3 -2 -3 -1 
      2300: -4 -4 -4 -3 -2 -2 -2 -2 -3 -3 -1 -3 -4 -2 -3 -3 -4 -1 -2 -2 -1 -2 -1 -2 -2 -4 -4 -1 -2 -4 
      2400: -1 -4 -1 -2 -4 -1 -2 -3 -1 -4 -3 -1 -2 -1 -3 -4 -1 -4 -3 -4 -4 -1 -3 -4 -2 -2 -1 -2 -1 -4 
      2500: -4 -4 -4 -3 -4 -3 -1 -3 -2 -2 -4 -3 -2 -2 -4 -2 -4 -4 -2 -3 -4 -4 -3 -2 -1 -2 -1 -2 -4 -3 
      2600: -1 -4 -1 -4 -3 -2 -3 -2 -1 -2 -1 -3 -3 -2 -3 -3 -3 -3 -2 -2 -1 -3 -4 -1 -2 -1 -2 -3 -2 -2 
      2700: -3 -2 -3 -1 -2 -4 -1 -1 -4 -4 -1 -4 -4 -4 -3 -1 -1 -1 -1 -1 -4 -1 -3 -4 -3 -2 -3 -3 -2 -2 
      2800: -2 -2 -2 +1 -3 -3 -3 -3 -3 -4 -3 -4 -3 -4 -1 -1 -4 -1 -3 -1 -1 -3 -2 -3 -1 -1 -4 -4 -1 -3 
      2900: -3 -4 -2 -1 -1 -4 -3 -4 -1 -2 -2 -1 -3 -2 -3 -2 -4 -3 -1 -4 -4 -4 -2 -2 -4 -1 -1 -3 -1 -2 
      Init:208: < 
    Assign:077: > 
    Assign:107: a{20003 29999 29999 29999} < 30000
    Assign:108: < u=121484
    Assign:077: > 
    Assign:107: a{20003 29999 29999 29999} < 30000
    Assign:108: < u=0
      main:224: l= 159988628
      Init:194: > 
 InitBases:154: > 
 InitBases:169: < 
 InitHomes:173: > 
 InitHomes:190: < 
      Init:
         0: -2 -1 -4 -2 -1 -2 -2 -2 -2 -3 -4 -2 -3 -1 -4 -3 -4 -4 -3 -4 -3 -3 -3 -4 -4 -3 -1 -3 -1 -2 
       100: -3 -2 -1 -4 -2 -3 -4 -2 -3 -2 -1 -1 -2 -2 -1 -4 -2 -1 -4 -1 -3 -3 -3 -2 -4 -4 -4 -2 -3 -2 
       200: -1 -4 -3 -1 -1 -4 -4 -2 -3 -1 -4 -2 -1 -4 -3 -1 -3 -4 -1 -1 -4 -3 -2 -1 -1 -1 -1 -3 -2 -1 
       300: -4 -2 -2 -4 -1 -4 -1 -2 -1 -1 -3 -1 -4 -1 -3 -1 -3 -1 -4 -3 -1 -2 -2 -3 -3 -3 -1 -3 -4 -2 
       400: -1 -2 -2 -3 -2 -1 -3 -3 -4 -1 -1 -4 -4 -2 -4 -3 -3 -3 -1 -4 -4 -1 -2 -2 -4 -1 -3 -4 -2 -3 
       500: -2 -1 -2 -3 -3 -2 -2 -3 -3 -3 -1 -3 -3 -1 -2 -3 -2 -3 -3 -3 -4 -2 -2 -1 -1 -1 -1 -3 -1 -3 
       600: -1 -3 -3 -3 -3 -1 -2 -4 -3 -1 -4 -1 -1 -4 -4 -2 -4 -2 -2 -3 -4 -3 -2 -1 -2 -2 -3 -2 -3 -1 
       700: -4 -4 -1 -2 -1 -3 -1 -2 -4 -2 -1 -1 -1 -2 -1 -2 -4 -3 -3 -1 -2 -4 -3 -4 -4 -1 -4 -1 -1 -4 
       800: -2 -1 -1 -3 -1 -2 -1 -4 -1 -3 -1 -1 -3 -3 -2 -3 -4 -3 -4 -3 -1 -3 -2 -3 -3 -2 -2 -2 -3 -4 
       900: -1 -1 -2 -1 -2 -1 -3 -1 -4 -1 -2 -1 -1 -4 -4 -4 -4 -4 -1 -1 -1 -1 -2 -1 -2 -3 -2 -2 -1 -3 
      1000: -1 -3 -3 -2 -2 -3 -3 -3 -1 -3 -3 -4 -2 -1 -3 -2 -2 -2 -3 -3 -2 -3 -2 -2 -4 -3 -1 -2 -3 -4 
      1100: -4 -1 -2 -1 -4 -4 -4 -4 -2 -2 -2 -3 -2 -1 -3 -2 -4 -2 -3 -1 -4 -1 -4 -2 -2 +1 -4 -3 -2 -4 
      1200: -3 +3 -3 -1 -2 -4 -4 -1 -4 -1 -1 -2 -1 -3 -2 -4 -4 -2 -2 -3 -4 -1 -1 -4 -4 -1 -1 -1 -3 -4 
      1300: -1 -1 -4 -3 -3 -1 -1 -2 -4 -3 -3 -1 -3 -1 -3 -3 -1 -2 -1 -3 -4 -2 -3 -4 -2 -4 -1 -2 -3 -3 
      1400: -4 -3 -4 -3 -2 -4 -1 -3 -4 -1 -2 -1 -3 -1 -2 -1 -4 -1 -1 -4 -2 -3 -2 -1 -1 -3 -2 -1 -2 -3 
      1500: -1 -1 -1 -4 -3 -2 -1 -1 -2 -1 -2 -3 -1 -4 -1 -1 -3 -4 -4 -3 -2 -4 -2 +4 -4 -4 -2 -2 -4 -2 
      1600: -3 -4 -4 -1 -4 -2 -1 -2 -2 -1 -2 -3 -1 -4 -1 -3 -1 -3 -4 -1 -2 -3 -4 -4 -2 -4 -2 -2 -2 -3 
      1700: -2 -2 -4 -3 -4 -2 -1 -2 -1 -1 -1 -1 -2 -2 -3 -4 -4 -4 -3 -4 -2 -3 -3 -2 -1 -1 -2 -1 -2 -2 
      1800: -1 -3 -2 -1 -1 -3 -4 -3 -2 -3 -2 -2 -4 -1 -4 -2 -2 -1 -3 -4 -2 -1 -2 -1 -2 -2 -1 -3 -1 -1 
      1900: -3 -3 -4 -2 -3 -1 -2 -2 -2 -1 -2 -2 -4 -3 -4 -2 -3 -3 -4 -1 -4 -2 -3 -2 -4 -1 -4 -2 -2 -4 
      2000: -1 -4 -1 -3 -1 -4 -4 -2 -4 -1 -3 -1 -4 -3 -3 -4 -4 -3 -1 -4 -3 -1 -1 -3 -3 -1 -2 -3 -1 +2 
      2100: -1 -4 -1 -1 -2 -3 -4 -4 -4 -1 -3 -1 -2 -3 -3 -1 -1 -1 -2 -4 -2 -4 -1 -2 -1 -3 -2 -1 -4 -2 
      2200: -2 -2 -4 -3 -3 -2 -1 -2 -3 -4 -3 -4 -1 -4 -1 -2 -4 -4 -4 -2 -4 -1 -2 -3 -3 -2 -4 -2 -3 -2 
      2300: -2 -2 -4 -2 -3 -4 -1 -3 -1 -1 -3 -2 -1 -1 -4 -2 -1 -1 -3 -3 -3 -2 -1 -1 -4 -1 -1 -1 -1 -1 
      2400: -1 -4 -4 -2 -4 -2 -1 -4 -2 -3 -3 -4 -1 -4 -4 -4 -1 -3 -4 -4 -1 -1 -4 -3 -4 -3 -4 -3 -3 -2 
      2500: -4 -1 -3 -3 -4 -1 -1 -2 -4 -3 -2 -1 -2 -3 -2 -4 -1 -3 -2 -4 -3 -1 -2 -2 -2 -4 -3 -1 -4 -4 
      2600: -1 -3 -3 -4 -2 -2 -3 -1 -3 -2 -1 -4 -3 -4 -2 -4 -4 -4 -3 -1 -4 -3 -3 -1 -2 -3 -3 -4 -2 -4 
      2700: -3 -2 -4 -1 -3 -3 -4 -3 -4 -2 -4 -4 -2 -1 -3 -4 -4 -1 -1 -2 -4 -1 -3 -4 -3 -2 -3 -1 -3 -1 
      2800: -3 -2 -1 -3 -4 -2 -1 -1 -2 -3 -2 -3 -2 -2 -2 -2 -1 -1 -3 -2 -2 -2 -1 -2 -2 -4 -3 -1 -1 -4 
      2900: -1 -1 -3 -2 -2 -3 -2 -2 -4 -2 -1 -2 -2 -3 -1 -1 -4 -4 -2 -4 -3 -3 -3 -3 -2 -3 -4 -3 -1 -3 
      Init:208: < 
    Assign:077: > 
    Assign:107: a{29999 20003 29999 29999} < 30000
    Assign:108: < u=116257
    Assign:077: > 
    Assign:107: a{29999 20003 29999 29999} < 30000
    Assign:108: < u=0
      main:224: l= 146330867
      Init:194: > 
 InitBases:154: > 
 InitBases:169: < 
 InitHomes:173: > 
 InitHomes:190: < 
      Init:
         0: -4 -4 -4 -3 -2 -2 -4 -4 -1 -3 -2 -1 -4 -1 -2 -1 -2 -1 -4 -4 -2 -1 -2 -1 -2 -2 -3 -1 -4 -2 
       100: -2 -1 -3 -1 -2 -4 -1 -3 -3 -3 -2 -2 -3 -2 -3 -4 -1 -1 -1 -3 -4 -4 -2 -3 -4 -4 -4 -3 -2 -4 
       200: -3 -2 -3 -2 -3 -1 -3 -2 -2 -1 -4 -2 -4 -4 -1 -4 -2 -1 -1 -1 -3 -1 -1 -2 -2 -1 -2 -1 -2 -2 
       300: -3 -3 -1 -2 -2 -3 -4 -4 -3 -1 -3 -2 -2 -2 -4 -3 -2 +4 -3 -3 -1 -1 -1 -3 -2 -4 -4 -4 -3 -3 
       400: -2 -3 -3 -3 -2 -1 -1 -4 -2 -3 -3 -2 -2 -4 -3 -3 -2 -4 -1 -2 -1 -1 -3 -2 -1 -3 -3 -4 -1 -3 
       500: -3 -1 -4 -3 -1 -4 -1 -4 -3 -3 -3 -4 -1 -3 -1 -4 -1 -4 -2 -3 -1 -2 -4 -2 -3 -2 -2 -2 -3 -4 
       600: -1 -2 -2 -3 -2 -4 -1 -4 -4 +3 -4 -1 -2 -3 -4 -1 -1 -2 -2 -2 -1 -2 -2 -4 -4 -2 -2 -2 -2 -3 
       700: -3 -2 -4 -2 -2 -3 -2 -3 -4 -4 -2 -1 -2 -3 -1 -3 -4 -2 -2 -3 -2 -4 -2 -2 -2 -2 -4 -2 -3 -4 
       800: -4 -3 -3 -4 -1 -2 -2 -4 -1 -2 -2 -1 -1 -4 -1 -3 -1 -4 -1 -2 -2 -3 -1 -1 -2 -4 -3 -1 -4 -4 
       900: -3 -2 -3 -4 -3 -1 -2 -4 -4 -3 -3 -4 -2 -1 -2 -1 -4 -1 -2 -4 -4 -2 -1 -1 -1 -4 -4 -1 -1 -3 
      1000: -2 -3 -3 -4 -4 -4 -1 -3 -4 -4 -3 -4 -1 -2 -2 -3 -2 -1 -1 -2 -3 -2 -1 -2 -3 -4 -4 -2 -4 -4 
      1100: -1 -2 -3 -2 -3 -1 -1 -2 -1 -1 -3 -1 -2 -1 -1 -2 -1 -3 -4 -2 -2 -1 -1 -3 -2 -4 -4 -3 -3 -3 
      1200: -2 -1 -4 -2 -4 -1 -2 -1 -3 -2 -4 -1 -2 -3 -1 -4 -4 -1 -2 -3 -1 -1 -3 -4 -3 -1 -2 -4 -3 -2 
      1300: -1 -1 -4 -1 -2 -1 -4 -2 -3 -3 -2 -3 -1 -4 -2 -3 -4 -3 -1 -3 -4 -3 -1 -3 -2 -4 -4 -4 -1 -2 
      1400: -4 -3 -3 -3 -1 -1 -1 -3 -4 -2 -2 -2 -1 -3 -4 -1 -3 -4 -2 -1 -1 -4 -3 -1 -1 -2 -2 -4 -3 -1 
      1500: -3 -3 -1 -2 -1 -1 -2 -4 -1 -1 -4 -1 -3 -2 -4 -2 -4 -4 -2 -1 -1 -2 -4 -4 -2 -1 -3 -2 -4 -3 
      1600: -2 -2 -3 -4 -4 -1 -2 -4 -3 -1 -4 -2 -1 -2 -2 -3 -2 -2 -1 -4 -4 -1 -2 -3 -1 -2 -3 -4 -1 -4 
      1700: -3 -3 -2 -2 -2 -2 -3 -3 -4 -2 -1 -3 -3 -1 -2 -2 -1 -3 -3 -4 -2 -3 -4 -2 -3 -3 -3 -2 -1 -3 
      1800: -1 -1 -1 -1 -2 -4 -1 -2 -1 -1 -3 -1 -2 -3 -1 -3 -3 -1 -1 -1 -1 -1 -1 -2 -2 -3 -2 -1 -2 -4 
      1900: -4 -1 -4 -3 -4 -4 -2 -1 -3 -1 -3 -4 -2 -4 -1 -3 -1 -4 -2 -4 -2 -2 -1 -3 -1 -4 -4 -1 -4 -3 
      2000: -1 -1 -1 -3 -2 -4 -1 -2 -1 -3 -1 -1 -4 -2 -4 -1 -2 -4 -2 -4 -3 -1 -1 -2 -4 -4 -3 -1 -1 -1 
      2100: -3 -4 -1 -2 -3 -4 -3 -2 -2 -4 -3 -2 -1 -3 -3 -3 -3 -3 -4 -1 -1 -1 -2 -3 -3 -3 -4 -3 -2 -3 
      2200: -3 -1 -3 -1 -4 -1 -1 -3 -4 -3 -2 -4 -3 -2 -4 -1 -4 -3 -2 -2 -4 -1 -1 +2 -1 +1 -3 -2 -4 -1 
      2300: -4 -1 -3 -1 -3 -1 -2 -3 -3 -1 -4 -4 -4 -4 -2 -3 -2 -1 -3 -1 -3 -4 -3 -3 -4 -4 -1 -2 -2 -3 
      2400: -2 -2 -4 -3 -4 -4 -4 -1 -4 -1 -4 -2 -4 -3 -2 -4 -2 -4 -1 -3 -2 -1 -1 -3 -4 -3 -1 -3 -3 -3 
      2500: -3 -3 -2 -1 -1 -2 -4 -1 -3 -1 -2 -3 -3 -2 -4 -3 -3 -4 -2 -3 -4 -1 -4 -3 -1 -3 -2 -4 -2 -3 
      2600: -1 -4 -3 -3 -4 -2 -3 -3 -2 -1 -3 -3 -2 -2 -2 -4 -3 -2 -3 -3 -3 -4 -2 -3 -1 -4 -2 -2 -1 -1 
      2700: -1 -4 -2 -2 -1 -4 -2 -4 -2 -3 -1 -3 -2 -2 -3 -1 -4 -1 -2 -4 -4 -2 -2 -3 -4 -2 -4 -3 -2 -1 
      2800: -3 -4 -3 -1 -4 -3 -3 -2 -1 -2 -2 -3 -1 -3 -2 -3 -3 -4 -4 -2 -4 -3 -3 -2 -4 -2 -1 -1 -1 -2 
      2900: -2 -2 -3 -3 -1 -4 -4 -2 -2 -3 -1 -4 -2 -4 -3 -2 -3 -1 -4 -1 -4 -1 -2 -4 -4 -4 -1 -3 -2 -3 
      Init:208: < 
    Assign:077: > 
    Assign:107: a{20728 29999 29999 29274} < 30000
    Assign:108: < u=125911
    Assign:077: > 
    Assign:107: a{20728 29999 29999 29274} < 30000
    Assign:108: < u=0
      main:224: l= 118727961
      Init:194: > 
 InitBases:154: > 
 InitBases:169: < 
 InitHomes:173: > 
 InitHomes:190: < 
      Init:
         0: -3 -3 -1 -4 -4 -2 -1 -2 -1 -4 -3 -3 -2 -3 -1 -4 -3 -3 -4 -1 -1 -3 -1 -4 -1 -1 -3 -3 -2 -3 
       100: -4 -3 -3 -4 -1 -2 -2 -2 -3 -1 -3 -2 -4 -1 -4 -3 -2 -1 -1 -3 -1 -1 -2 -4 -2 -1 -3 -2 -2 -1 
       200: -2 -4 -2 -2 -3 -1 -3 -3 -3 -3 -2 -1 -3 -3 -3 -3 -4 -1 -2 -2 -2 -2 -3 -2 -1 -4 -3 -3 -4 -4 
       300: -1 -2 -2 -2 -2 -2 -2 -2 -3 -1 -1 -1 -2 -4 -1 -4 -1 -4 -2 -2 -4 -3 -3 -3 -4 -1 -4 -4 -3 -4 
       400: -3 -3 -1 -4 -3 -3 -4 -2 -1 -4 -3 -3 -3 -3 -4 -2 -3 -2 -3 -2 -3 -1 -1 -4 -3 -1 -4 -3 -4 -2 
       500: -3 -1 -4 -3 -4 -1 -4 -2 -3 -1 -2 -1 -4 -4 -3 -2 -1 -2 -3 -1 -2 -4 -1 -2 -4 -1 -2 -1 -1 -4 
       600: -2 -4 -4 -3 -3 -3 -4 -2 -4 -2 -1 -2 -1 -1 -3 -1 -3 -4 -2 -2 +3 -1 -4 -3 -1 -3 -3 -4 -4 -4 
       700: -3 -2 -3 -2 -1 -3 -1 -4 -4 -2 -4 -4 -3 -1 -1 -2 -2 -3 -3 -1 -4 -1 -1 -1 -3 -1 -4 -2 -1 -2 
       800: -4 -4 -4 -3 -3 -1 -1 -1 -4 -3 -3 -2 -4 -3 -1 -4 -4 -1 -4 -2 -4 -2 -2 -2 -2 -3 -1 -1 -4 -4 
       900: -1 -3 -1 -1 -3 -2 -3 -1 -2 -1 -1 -3 -3 -1 -1 -2 -1 -4 -2 -1 -3 -1 -1 -4 -3 -4 -2 -2 -3 -2 
      1000: -3 -4 -3 -2 -2 -2 -2 -1 -3 -4 -1 -1 -1 -2 -1 -4 -3 -3 -3 -3 -3 -2 -3 -1 -3 -4 -1 -2 -4 -1 
      1100: -2 -4 -1 -4 -1 -1 -1 -1 -2 -4 -2 -1 -1 -3 -2 -1 -4 -2 -1 -1 -2 -2 -1 -1 -3 -3 -3 -4 -2 -1 
      1200: -3 -3 -3 -1 -3 -4 -1 -3 -2 -3 -4 -1 -4 -4 -1 -2 -4 -1 -1 -2 -4 -4 -1 -2 -4 -1 -2 -1 -3 -2 
      1300: -4 -4 -4 -4 -4 -2 -2 -4 -4 -3 -1 -2 -2 -2 -4 -2 -1 -2 -2 -3 -1 -4 -1 -3 -3 -1 -1 -4 -4 -4 
      1400: -4 -3 -1 -2 -2 -4 -1 -1 -3 -4 -4 -2 -2 -1 -3 -2 -3 -4 -3 -1 -2 -4 -2 -2 -2 -2 -2 -3 -3 -3 
      1500: -4 -4 +2 -3 -4 -3 -1 -1 -3 -1 -2 -2 -4 -4 -1 -3 -1 -3 -3 -2 -2 -4 -1 -2 -2 -2 -4 -3 -4 -1 
      1600: -2 -3 -3 -2 -3 -2 -4 -2 -2 -3 -3 -1 -1 -4 -1 -3 -1 -1 -3 -4 -2 -4 -2 -2 -1 -3 -2 -1 -2 -1 
      1700: -3 +4 -1 -2 -2 -4 -3 -4 -4 -4 -3 -4 -3 -1 -2 -4 -1 -3 -2 -1 -2 -2 -3 -2 -3 -1 -2 -4 -3 -4 
      1800: -2 -2 -3 -4 -1 -4 -1 -2 -1 -3 -4 -3 -1 -2 -4 -3 -3 -3 -1 -4 -4 -3 -4 -2 -2 -1 -1 -4 -4 -2 
      1900: -1 -3 -3 -1 -3 -1 -1 -1 -4 -3 -3 -4 -3 -3 -1 -4 -2 -2 -4 -1 -1 -2 -2 -2 -4 -1 -4 -1 -1 -2 
      2000: -3 -3 -1 -3 -2 -2 -1 -1 -3 -1 -3 -2 -4 -1 -2 -4 -4 -4 -1 -2 -3 -2 -1 -3 -4 -1 -4 -2 -2 -1 
      2100: -4 -3 -4 -3 -4 -2 -1 -2 -3 -4 +1 -4 -2 -3 -3 -4 -3 -4 -4 -1 -2 -1 -2 -2 -1 -1 -2 -3 -3 -2 
      2200: -3 -2 -2 -1 -4 -3 -1 -2 -3 -1 -2 -1 -3 -3 -3 -1 -1 -1 -1 -3 -4 -1 -4 -2 -1 -3 -2 -1 -3 -2 
      2300: -1 -2 -2 -4 -1 -2 -1 -4 -2 -1 -2 -2 -3 -1 -1 -3 -4 -4 -3 -1 -1 -1 -3 -4 -2 -1 -1 -4 -1 -4 
      2400: -3 -3 -2 -3 -1 -2 -3 -2 -2 -2 -3 -2 -1 -3 -4 -1 -2 -4 -2 -4 -3 -4 -3 -4 -3 -2 -2 -3 -4 -1 
      2500: -2 -4 -2 -1 -1 -3 -2 -4 -3 -4 -1 -3 -2 -4 -4 -4 -2 -4 -2 -2 -3 -3 -4 -1 -1 -3 -4 -1 -2 -4 
      2600: -4 -2 -1 -4 -3 -1 -3 -4 -3 -1 -1 -4 -2 -1 -1 -4 -2 -3 -3 -1 -4 -1 -3 -3 -1 -2 -3 -1 -2 -3 
      2700: -4 -1 -1 -1 -1 -2 -2 -1 -2 -4 -4 -2 -2 -4 -1 -3 -1 -1 -3 -1 -2 -2 -1 -2 -1 -2 -3 -3 -1 -3 
      2800: -2 -2 -2 -1 -2 -4 -1 -3 -2 -1 -1 -3 -1 -1 -2 -3 -4 -1 -1 -1 -3 -2 -3 -3 -3 -1 -3 -2 -1 -1 
      2900: -2 -4 -4 -1 -2 -4 -2 -3 -4 -2 -1 -4 -3 -3 -1 -1 -1 -1 -4 -4 -3 -3 -1 -1 -2 -4 -2 -4 -4 -2 
      Init:208: < 
    Assign:077: > 
    Assign:107: a{29999 29999 29999 20003} < 30000
    Assign:108: < u=110270
    Assign:077: > 
    Assign:107: a{29999 29999 29999 20003} < 30000
    Assign:108: < u=0
      main:224: l= 143039927
      Init:194: > 
 InitBases:154: > 
 InitBases:169: < 
 InitHomes:173: > 
 InitHomes:190: < 
      Init:
         0: -2 -3 -2 -4 -4 -4 -4 -1 -4 -4 -1 -4 -2 -2 -2 -3 -3 -1 -4 -1 -2 -3 -2 -2 -1 -4 -4 -1 -4 -3 
       100: -4 -4 -4 -1 -4 -1 -3 +3 -2 -2 -3 -4 -2 -2 -2 -4 -1 -2 -4 -4 -3 -3 -2 -2 -2 -2 -1 -3 -3 -1 
       200: -2 -1 -3 -2 -4 -2 -2 -1 -2 -3 -4 -3 -4 -1 -4 -3 -4 -4 -3 -2 -2 -3 -2 -1 -3 -4 -2 -1 -3 -2 
       300: -3 -1 -1 -4 -1 -3 -1 -3 -3 -3 -4 -3 -1 -3 -2 -3 -4 -2 -4 -4 +2 -4 -1 -4 -2 -1 -1 -3 -1 -3 
       400: -1 -3 -3 -3 -4 -2 -4 -1 -1 -3 -3 -2 -4 -4 -1 -2 -3 -3 -3 -3 -2 -3 -3 -1 -3 -2 -1 -2 -1 -3 
       500: -1 -1 -1 -2 -1 -2 -1 -1 -4 -2 -1 -2 -4 -4 -2 -4 -2 -3 -2 -1 -1 -3 -4 -2 -2 -3 -4 -2 -2 -2 
       600: -1 -2 -4 -4 -3 -1 -1 -1 -4 -1 -1 -4 -1 -2 -3 -4 -4 -3 -1 -2 -1 -2 -2 -3 -2 -3 -4 -3 -1 -3 
       700: -4 -1 -2 -1 -2 -1 -1 -2 -2 -1 -1 -1 -4 -1 -1 -3 -2 -1 -2 -3 -4 -1 -4 -2 -3 -4 -1 -1 -3 -2 
       800: -1 -2 -3 -4 -3 -2 -4 -3 -1 -3 -3 -1 -3 -2 -2 -2 -2 -3 -3 -1 -4 -2 -1 -1 -4 -2 -1 -1 -2 -3 
       900: -3 -2 -2 -1 -4 -2 -1 -4 -3 -3 -1 -2 -4 -4 -3 -1 -4 -4 -2 -4 -2 -2 -1 -3 -3 -2 -3 -1 -3 -2 
      1000: -2 -3 -3 -2 -2 -3 -3 -3 -4 -1 -4 -2 -4 -3 -1 -1 -3 -2 -4 -4 -3 -2 -4 -1 -4 -1 -3 -4 -3 -1 
      1100: -4 -3 -4 -4 -4 -3 -3 -1 -1 -2 -2 -2 -1 -1 -3 -1 -2 -1 -2 -4 -3 -1 -2 -1 -3 -2 -1 -2 -3 -1 
      1200: -1 -3 -1 -1 -2 -3 -2 -2 -4 -3 -2 -1 -2 -2 -1 -3 -3 -4 -4 -2 -1 -1 -1 -1 -3 -1 -2 -4 -4 -4 
      1300: -2 -3 -2 -4 -3 -4 -3 -2 -4 -4 -3 -1 -3 -1 -1 -1 -1 -2 -4 -4 -3 -2 -1 -2 -4 -3 -1 -3 -4 -1 
      1400: -3 -1 -2 -2 -1 -3 -1 -1 -3 +4 -1 -1 -4 -3 -4 -3 -4 -3 -1 -1 -4 -1 -3 -2 -4 -4 -1 -1 -2 -2 
      1500: -1 -1 -4 -3 -2 -1 -2 -2 -3 -1 -4 -3 -2 -2 -3 -4 -2 -1 -4 -2 -3 -3 -4 -1 -1 -4 -1 -2 -2 -3 
      1600: -2 -1 -1 -2 -4 -4 -3 -2 -4 -2 -2 -2 -4 -2 -1 -1 -2 -2 -1 -2 -4 -3 -2 -2 -4 -3 -1 -2 -4 -2 
      1700: -4 -2 -2 -1 -1 -4 -3 -2 -4 -1 -4 -1 -3 -3 -3 -3 -4 -1 -4 -3 -2 -1 -2 -4 -4 -3 -4 -2 -3 -3 
      1800: -3 -3 -2 -3 -4 -4 -2 -1 -2 -2 -2 -1 -3 -3 -1 -3 -4 -1 -1 -3 -3 -1 -4 -3 -4 -3 -4 -2 -3 -1 
      1900: -1 -1 -3 -3 -1 -4 -2 -2 -2 -4 -3 -1 -1 -4 -4 -2 -1 -2 -2 -4 -2 -3 -4 -1 -4 -1 -1 -3 +1 -4 
      2000: -2 -1 -1 -4 -1 -2 -3 -3 -3 -3 -2 -1 -2 -2 -1 -3 -4 -4 -1 -4 -3 -1 -3 -2 -2 -2 -3 -2 -4 -2 
      2100: -1 -1 -4 -3 -1 -3 -1 -3 -1 -1 -2 -2 -1 -4 -2 -1 -2 -2 -1 -4 -3 -4 -2 -1 -2 -3 -1 -3 -1 -2 
      2200: -1 -3 -3 -1 -2 -3 -4 -2 -4 -3 -2 -1 -2 -2 -2 -3 -2 -4 -3 -2 -4 -3 -4 -1 -3 -1 -4 -3 -2 -4 
      2300: -2 -2 -1 -1 -1 -3 -3 -4 -1 -3 -4 -4 -2 -1 -1 -4 -2 -2 -1 -2 -4 -2 -2 -1 -1 -4 -3 -1 -3 -1 
      2400: -4 -2 -4 -4 -2 -2 -1 -3 -2 -2 -4 -2 -1 -2 -1 -4 -3 -4 -3 -3 -1 -1 -1 -1 -4 -3 -3 -4 -1 -4 
      2500: -3 -4 -1 -1 -4 -4 -1 -4 -4 -3 -4 -3 -4 -2 -1 -1 -3 -4 -1 -3 -2 -2 -2 -4 -4 -4 -1 -1 -1 -1 
      2600: -4 -1 -3 -4 -1 -1 -4 -3 -3 -4 -4 -4 -2 -1 -4 -1 -1 -2 -4 -3 -2 -3 -2 -3 -3 -1 -1 -2 -1 -1 
      2700: -4 -1 -3 -1 -4 -2 -3 -1 -1 -2 -3 -1 -4 -4 -1 -3 -3 -3 -1 -1 -4 -4 -2 -3 -4 -1 -3 -4 -1 -4 
      2800: -1 -1 -1 -2 -1 -3 -3 -1 -1 -2 -1 -4 -2 -4 -3 -4 -4 -3 -1 -1 -4 -2 -2 -1 -1 -3 -1 -3 -1 -3 
      2900: -4 -1 -2 -2 -2 -3 -1 -1 -1 -1 -3 -2 -1 -1 -4 -2 -1 -3 -3 -3 -4 -4 -4 -1 -1 -3 -3 -4 -2 -4 
      Init:208: < 
    Assign:077: > 
    Assign:107: a{29999 25925 24077 29999} < 30000
    Assign:108: < u=121628
    Assign:077: > 
    Assign:107: a{29999 25925 24077 29999} < 30000
    Assign:108: < u=0
      main:224: l= 115641412
      Init:194: > 
 InitBases:154: > 
 InitBases:169: < 
 InitHomes:173: > 
 InitHomes:190: < 
      Init:
         0: -3 -4 -4 -4 -1 -4 -2 -3 -2 -2 -3 -1 -4 -3 -3 -4 -2 -4 -2 -4 -3 -1 -3 -2 -3 -3 -3 -4 -3 -4 
       100: -2 -2 -1 -1 -2 -2 -1 -2 -4 -4 -3 -3 -2 -2 -2 -1 -4 -2 -3 -3 -2 -4 -4 -4 -3 -3 -3 -2 -1 -3 
       200: -3 -2 -2 -1 -2 -1 -1 -3 -3 -4 -4 -4 -3 -3 -4 -3 -1 -1 -1 -3 -2 -2 -4 -4 -2 -1 -4 -2 -4 -4 
       300: -3 -1 -2 -2 -3 -4 -4 -1 -4 -2 -1 -2 -4 -2 -4 -2 -3 -2 -2 -1 -2 -4 -1 -2 -1 -4 -3 -1 -4 -1 
       400: -1 -1 -4 -2 -2 -3 -2 -3 -1 -2 -3 -3 -2 -3 -2 -1 -3 -4 -1 -1 -4 -4 -1 -2 -4 -1 -1 -1 -3 -1 
       500: -3 -2 -1 -3 -1 -3 -3 -2 -1 -4 -2 -3 -3 -4 -4 -3 -3 -3 -4 -2 -4 -3 -3 -2 -4 -2 -3 -1 -3 -1 
       600: -2 -1 -3 -2 -3 -1 -1 -1 -4 -3 -1 -2 -1 -3 -4 -2 -2 -2 -3 -4 -2 -1 -1 -2 -2 -2 -1 -3 -3 -2 
       700: -4 -3 -4 -2 -2 -1 -3 -1 -1 -2 -3 -3 -1 -1 -2 -4 -1 -1 -4 -2 -1 -2 -4 -4 -4 -2 -2 -4 -1 -1 
       800: -4 -3 -4 -1 -2 -2 -1 -2 -4 -3 -3 -4 -1 -1 -1 -4 -2 -3 -3 -1 -1 -3 -2 -4 -3 -3 -4 -3 -2 -2 
       900: -4 -2 -2 -4 -1 -1 -2 -1 -4 -1 -4 -4 -2 -2 -2 -3 -4 -2 -1 -3 -3 -1 -3 -2 -1 -2 -4 -2 -1 -3 
      1000: -3 -4 -4 -3 -1 -1 -1 -3 -3 -4 -1 -2 -4 -1 -1 -4 -2 -2 -1 -1 -2 +1 -3 -2 -1 -2 -2 -4 -4 -1 
      1100: -4 -2 -2 -2 -1 -1 -2 -1 -4 -1 -4 -2 -2 -3 -4 -2 -1 -2 -1 -1 -1 -4 -3 -1 +3 -2 -3 -3 -1 -4 
      1200: -4 -1 -4 -2 -2 -1 -2 -1 -2 -4 -4 -2 -1 -1 -3 -3 -1 -3 -2 -1 -1 -3 -4 -2 -1 -1 -1 -2 -4 -4 
      1300: -3 -2 -1 -2 -2 -1 -1 -1 -1 -2 -4 -2 -1 -2 -3 -2 -1 -3 -1 -2 -2 -2 -4 -2 -4 -1 -3 -3 -1 -2 
      1400: -2 -3 -3 -2 -3 -2 -1 -1 -3 -3 -2 -2 -2 -4 -1 -1 -1 -3 -2 -4 -3 -3 -2 -1 -1 -1 -1 -1 -2 -2 
      1500: -1 -1 -4 -2 -2 -4 -2 -2 -1 -1 -1 -2 -3 -3 -4 -3 -3 -4 -2 -4 -2 +2 -1 -3 -1 -3 -2 -3 -1 -1 
      1600: -4 -3 -1 -4 -2 -1 -3 -4 -2 -3 -4 -3 -3 -2 -1 -4 -3 -1 -2 -1 -2 -2 -2 -4 -4 -4 -3 -1 -3 -3 
      1700: -2 -2 -1 -3 -4 -4 -3 -3 -3 -1 -1 -2 -2 -4 -3 -3 -1 -1 -3 -4 -1 -1 -3 -2 -2 -4 -3 -1 -2 -3 
      1800: -1 -2 -4 -3 -3 -2 -1 -1 -2 -2 -4 -4 -1 -3 -4 -4 -4 -4 -3 -1 -2 -2 -3 -2 -2 -2 -2 -1 -4 -4 
      1900: -1 -2 -4 -3 -1 -4 -3 -2 -3 -4 -3 -2 -3 -2 -1 -3 -2 -1 -1 -2 -3 -4 -3 -4 -2 -3 -3 -4 -4 -1 
      2000: -2 -2 -1 -3 -2 -2 -2 -3 -2 -4 -4 -2 -3 -4 -2 -4 -1 -4 -3 -3 -3 -1 -1 -2 -1 -2 -3 -1 -1 +4 
      2100: -1 -1 -2 -1 -1 -3 -4 -1 -2 -1 -3 -1 -3 -1 -3 -4 -3 -3 -2 -3 -2 -1 -1 -1 -4 -3 -1 -3 -4 -4 
      2200: -3 -1 -4 -2 -3 -4 -4 -4 -2 -1 -2 -4 -2 -3 -4 -2 -4 -4 -3 -2 -2 -1 -1 -2 -4 -3 -3 -4 -1 -1 
      2300: -3 -1 -2 -3 -4 -3 -1 -4 -1 -2 -2 -3 -4 -4 -3 -1 -3 -4 -4 -2 -1 -3 -2 -1 -1 -3 -1 -1 -4 -1 
      2400: -4 -3 -2 -3 -3 -1 -3 -3 -3 -4 -3 -2 -4 -3 -1 -4 -4 -1 -3 -3 -3 -3 -1 -3 -1 -2 -2 -2 -3 -2 
      2500: -1 -3 -3 -4 -2 -4 -4 -3 -3 -1 -2 -3 -3 -3 -3 -3 -4 -2 -1 -3 -2 -3 -3 -4 -2 -2 -1 -3 -2 -1 
      2600: -4 -2 -1 -3 -1 -1 -3 -4 -3 -1 -2 -4 -1 -2 -2 -2 -3 -4 -2 -3 -4 -3 -3 -4 -1 -3 -4 -3 -4 -4 
      2700: -1 -4 -4 -1 -2 -4 -1 -1 -3 -1 -1 -4 -4 -1 -3 -1 -1 -1 -3 -1 -2 -3 -3 -1 -3 -1 -2 -4 -4 -3 
      2800: -1 -1 -4 -4 -4 -3 -4 -1 -4 -4 -3 -2 -3 -4 -2 -4 -2 -1 -2 -2 -4 -2 -2 -3 -4 -2 -1 -2 -3 -3 
      2900: -3 -2 -3 -2 -3 -4 -3 -3 -3 -1 -1 -2 -4 -1 -4 -3 -3 -2 -1 -4 -3 -1 -2 -1 -4 -4 -2 -3 -4 -2 
      Init:208: < 
    Assign:077: > 
    Assign:107: a{29999 29999 27210 22792} < 30000
    Assign:108: < u=110682
    Assign:077: > 
    Assign:107: a{29999 29999 27210 22792} < 30000
    Assign:108: < u=0
      main:224: l= 160184321
      Init:194: > 
 InitBases:154: > 
 InitBases:169: < 
 InitHomes:173: > 
 InitHomes:190: < 
      Init:
         0: -1 -4 -2 -3 -1 -1 -3 -1 -4 -1 -2 -1 -1 -2 -4 -4 -2 -3 -2 -2 -4 -1 -4 -3 -3 -3 -4 -2 -3 -3 
       100: -2 -3 -3 -3 -1 -4 -4 -1 -4 -3 -4 -3 -4 -1 -2 -2 -2 -3 -1 -4 -4 -4 -1 -2 -3 -2 -1 -2 -1 -2 
       200: -4 -3 -2 -3 -2 -2 -1 -3 -3 -2 -2 -2 -1 -4 -3 -4 -4 -3 -1 -3 -2 -2 -2 -1 -4 -4 -4 -4 -3 -2 
       300: -2 -4 -3 -4 -2 -2 -3 -3 -2 -3 -2 -2 -2 -3 -2 -1 -1 -3 -4 -3 -4 -4 -3 -4 -3 -4 -1 -4 -2 -2 
       400: -1 -2 -4 -1 -4 -4 -1 -4 -1 -4 -1 -3 -4 -4 -1 -3 -4 -1 -1 -3 -2 -1 -4 -3 -4 -2 -1 -4 -2 -1 
       500: -3 -4 -1 -1 -4 -3 -3 -4 -4 -4 -2 -3 -1 -2 -3 -1 -2 -3 -1 -4 -1 -1 -1 -2 -2 -2 -2 -4 -2 -4 
       600: -4 -3 -1 -3 -2 -3 -2 -3 -3 -1 -1 -4 -3 -1 -2 -4 -4 -1 -1 -2 -2 -3 -1 -2 -3 -3 -4 -4 -3 -4 
       700: -2 -4 -3 -3 -3 -3 -2 -4 -1 -1 -1 -2 -1 -1 -1 -3 -1 -4 -2 -2 -4 +4 -1 -3 -4 -4 -1 -4 -4 -1 
       800: -4 -2 -3 -2 -4 -2 -3 -4 -3 -1 -3 -1 -2 -1 -3 -3 -2 -4 -2 -2 -4 -3 -3 -1 -4 -1 -3 -4 -3 -4 
       900: -2 -4 -2 -2 -4 -4 -3 -2 -4 -3 -2 -3 -3 -1 -2 -2 -4 -1 -1 -1 -1 -2 -3 -1 -3 -1 -2 -2 -3 -2 
      1000: -1 -3 -2 -2 -4 -4 -1 -3 -4 -1 -3 -3 -2 -2 -2 -1 -1 -2 -3 -4 -1 -2 -3 -1 +1 -1 -1 -3 -3 -2 
      1100: -3 -1 -1 -2 -1 -4 -2 -2 -3 -1 -2 -1 -3 -4 -3 -2 -3 -3 -3 -4 -4 -1 -4 -3 -1 -3 -3 -2 -2 -4 
      1200: -3 -1 -1 -1 -4 -1 -4 -1 -1 -1 -1 -3 -4 -2 -3 -3 -4 -4 -4 -3 -4 -1 -2 -2 -1 -3 -2 -3 -3 -2 
      1300: -2 -4 -1 -1 -3 -1 -3 -2 -1 -3 -3 -4 -1 -1 -1 -3 -1 -1 -2 -1 -1 -1 +3 -1 -3 -1 -1 -4 -2 -4 
      1400: -2 -4 -2 -4 -3 -1 -3 -3 -2 -4 -3 -2 -2 -2 -1 -3 -2 -3 -3 -3 -3 -3 -4 -3 -1 -1 -1 -4 -1 -2 
      1500: -3 -4 -1 -3 -4 -1 -4 -1 -1 -1 -1 -2 -3 -2 -4 -1 -3 -1 -2 -1 -4 -3 -3 -3 -4 -4 -1 -2 -4 -1 
      1600: -3 -1 -2 -3 -4 -3 -2 -2 -1 -3 -4 -4 -4 -4 -3 -2 -3 -2 -1 -2 -3 -2 -4 -3 -3 -1 -1 -1 -4 -4 
      1700: -3 -4 -3 -3 -1 -4 -4 -1 -4 -1 -3 -2 -2 -1 -4 -1 -3 -3 -4 -2 -4 -1 -3 -4 -1 -3 -1 -4 -3 -4 
      1800: -3 -2 -4 -2 -1 -2 -2 -2 -1 -3 -4 -2 -2 -2 -2 -3 -3 -2 -1 -4 -4 -3 -2 -1 -3 -1 -2 -3 -4 -2 
      1900: -2 -3 -3 -3 -2 -2 -1 -1 -4 -1 -2 -4 -2 -1 -1 -4 -4 -1 -1 -4 -4 -1 -4 -2 -3 -3 -4 -4 -4 -2 
      2000: -1 -3 -2 -1 -2 -2 -2 -1 -1 -3 -2 -1 -3 -2 -1 -2 -4 -3 -1 -1 -4 -3 -2 -3 -4 -1 -1 -4 -3 -2 
      2100: -3 -4 -4 -1 -1 -2 -3 -2 -1 -1 -2 -4 -4 -3 -4 -1 -1 -2 -1 -3 -2 -1 -1 -1 -3 -2 -2 -2 -1 -2 
      2200: -2 -3 -1 -4 -2 -1 -2 -4 -2 -1 -1 -2 -1 -4 -3 -2 -4 -2 -3 -1 -4 -3 +2 -1 -1 -1 -3 -2 -2 -3 
      2300: -3 -4 -2 -2 -4 -4 -1 -2 -2 -1 -3 -2 -2 -4 -4 -3 -4 -2 -2 -3 -4 -1 -2 -2 -3 -3 -1 -3 -2 -2 
      2400: -4 -2 -2 -1 -3 -3 -1 -2 -3 -2 -4 -2 -3 -2 -3 -1 -1 -2 -2 -3 -2 -4 -4 -1 -1 -1 -2 -3 -2 -2 
      2500: -2 -4 -2 -2 -3 -3 -2 -1 -4 -1 -3 -4 -1 -3 -3 -1 -4 -4 -2 -1 -3 -1 -1 -1 -1 -3 -3 -2 -2 -3 
      2600: -2 -3 -3 -1 -1 -1 -1 -1 -3 -4 -1 -4 -2 -3 -2 -4 -1 -1 -3 -3 -1 -2 -3 -3 -2 -1 -3 -3 -2 -1 
      2700: -2 -1 -1 -4 -4 -2 -1 -1 -3 -2 -3 -3 -1 -2 -4 -2 -3 -2 -2 -2 -4 -4 -1 -3 -4 -1 -4 -2 -1 -4 
      2800: -1 -3 -2 -2 -3 -4 -4 -2 -2 -4 -1 -1 -3 -2 -1 -2 -3 -4 -4 -2 -3 -4 -1 -4 -3 -1 -4 -4 -3 -4 
      2900: -1 -1 -4 -4 -1 -3 -2 -4 -2 -3 -2 -4 -2 -1 -2 -4 -2 -3 -4 -3 -2 -3 -2 -4 -3 -4 -2 -4 -1 -1 
      Init:208: < 
    Assign:077: > 
    Assign:107: a{20003 29999 29999 29999} < 30000
    Assign:108: < u=109537
    Assign:077: > 
    Assign:107: a{20003 29999 29999 29999} < 30000
    Assign:108: < u=0
      main:224: l= 148260813
      Init:194: > 
 InitBases:154: > 
 InitBases:169: < 
 InitHomes:173: > 
 InitHomes:190: < 
      Init:
         0: -1 -1 -2 -4 -1 -2 -1 -3 -2 -1 -3 -3 -4 -2 -1 -4 -2 -4 -1 +4 -2 -2 -4 -2 -1 -3 -2 -2 -1 -3 
       100: -1 -3 -2 -4 -2 -3 -1 -2 -1 -4 -4 -2 -4 -2 -1 -4 -3 -4 -2 -2 -3 -4 -1 -3 -4 -3 -1 -3 -3 -2 
       200: -2 -2 -2 -2 -1 -4 -4 -2 -2 -4 -4 -1 -2 -1 -2 -3 -1 -1 -1 -1 -1 -1 -2 -1 -2 -1 -2 -1 -4 -1 
       300: -1 -3 -2 -4 -3 -2 -4 -2 -3 -2 -2 -2 -1 -2 -2 -3 -3 -2 -1 -2 -4 -3 -4 -4 -1 -4 -3 -2 -4 -3 
       400: -4 -3 -1 -2 -1 -2 -4 -3 -3 -3 -3 -3 -4 -3 -4 -3 -3 -1 -4 -2 -3 -4 -2 -1 -1 -3 -1 -2 -1 -4 
       500: -1 -4 -1 -2 -1 -1 -4 -4 -2 -3 -3 -1 -1 -2 -1 -2 -2 -3 -4 -1 -1 -1 -1 -3 -4 -4 -2 -3 -1 -3 
       600: -3 -1 -3 -1 -3 -1 -3 -4 -1 -3 -1 -2 -1 -2 -4 -4 -4 -1 -3 -2 -2 -1 -2 -2 -2 -2 -3 -1 -1 -3 
       700: -4 -1 -1 -3 -2 -3 -1 -4 -1 -3 -4 -3 -1 -1 -2 -3 -1 -1 -4 -2 -4 -3 -4 -2 -4 -4 -1 -2 -2 -4 
       800: -1 -2 -2 -2 -1 -1 -1 -4 -1 -1 -2 -1 -1 -2 -3 -4 -3 -2 -1 -1 -1 -4 -4 -4 -3 -4 -1 -1 -2 -2 
       900: -3 -4 -4 -3 -4 -3 -1 -1 -1 -2 -1 -2 -2 -4 -1 -2 -4 -3 -3 -3 -2 -2 -3 -4 -4 -3 -1 -2 -1 -4 
      1000: -4 -2 -2 -2 -3 -3 -4 -2 -2 -3 -4 -2 -2 -3 -2 -4 -3 -2 -1 -1 -4 -1 -1 -1 -1 -1 -1 -3 -3 -2 
      1100: -3 -4 -1 -3 -3 -2 -2 -1 -1 -1 -1 -1 -2 -2 -1 -2 -1 -2 -1 -3 -3 -1 -2 -1 -3 -4 -2 -3 -3 -2 
      1200: -2 -2 -3 -2 -4 -1 -2 -3 -4 -4 -3 -3 -1 -4 -1 -3 -3 -4 -4 -4 -1 -1 -4 -3 -1 -4 +1 -4 -4 -3 
      1300: -4 -1 -4 -3 -1 -3 -2 -1 -2 -2 -2 -4 -1 -3 -3 -2 -1 -1 -2 -3 -3 -4 -2 -4 -3 -1 -1 -3 -2 -3 
      1400: -3 -3 -4 -1 -1 -3 -2 -1 -1 -3 -4 -3 -1 -4 -3 -4 -1 -1 -1 -1 -1 -1 -4 -1 -3 -1 -1 -3 -1 -2 
      1500: -2 -2 -4 -2 -1 -2 -2 -3 -3 -1 -2 -2 -3 -2 -1 -1 -3 -1 -3 -4 -2 -3 -4 -1 -1 -2 -3 -2 -2 -3 
      1600: -2 -1 -3 -1 -3 -3 -2 -3 -4 -1 -2 -2 -2 -1 -2 -4 -3 -2 -1 -3 -3 -1 -2 -1 -4 -2 -2 -3 -1 -1 
      1700: -2 -3 -3 -4 -3 -3 -1 -2 -1 -1 -1 -2 -3 -4 -1 -1 -4 -2 -4 -3 -4 -1 -2 -2 -2 -4 -4 -2 -1 -2 
      1800: -4 -3 -1 -3 -1 -2 -1 -3 -2 -3 -4 -3 -1 -2 -3 -4 -1 -2 -3 -4 -1 -4 -3 -1 -1 -1 -2 -3 -4 -2 
      1900: -1 -3 -3 -3 -3 -4 -4 -4 -3 -4 -2 -2 -4 -4 -4 -3 -3 -4 -4 -3 -2 -2 -4 -3 -1 -1 -4 +2 -2 -4 
      2000: -2 -2 -2 -4 -2 -1 -2 -1 -1 -4 -4 -1 -1 -2 -4 -3 -4 -1 -2 -1 -3 -4 -3 -4 -4 -4 -3 -2 -2 -3 
      2100: -1 -4 -2 -3 -1 -1 -2 +3 -2 -4 -1 -4 -1 -1 -3 -1 -2 -2 -1 -1 -4 -4 -2 -1 -2 -2 -4 -2 -3 -4 
      2200: -4 -3 -4 -1 -3 -3 -1 -4 -3 -1 -1 -3 -4 -3 -2 -3 -1 -1 -4 -2 -1 -4 -2 -3 -2 -3 -2 -4 -4 -1 
      2300: -4 -4 -3 -4 -4 -2 -4 -2 -4 -4 -1 -2 -4 -2 -4 -4 -4 -1 -2 -4 -1 -4 -1 -3 -2 -2 -1 -4 -4 -2 
      2400: -2 -4 -2 -2 -3 -4 -3 -2 -4 -2 -4 -2 -4 -4 -1 -3 -4 -4 -4 -4 -4 -4 -1 -4 -1 -2 -4 -4 -3 -2 
      2500: -1 -1 -1 -2 -3 -1 -2 -1 -4 -2 -3 -1 -3 -2 -4 -3 -4 -3 -4 -3 -3 -2 -3 -4 -3 -1 -1 -3 -1 -1 
      2600: -2 -4 -3 -3 -2 -3 -3 -3 -2 -1 -4 -2 -2 -3 -2 -3 -2 -2 -1 -4 -3 -2 -3 -2 -1 -4 -2 -1 -2 -4 
      2700: -4 -4 -2 -2 -1 -1 -4 -2 -1 -4 -1 -3 -2 -1 -4 -2 -3 -3 -2 -2 -1 -4 -3 -2 -2 -4 -1 -3 -1 -4 
      2800: -4 -3 -1 -2 -3 -4 -4 -4 -2 -3 -2 -4 -1 -3 -1 -4 -1 -2 -2 -3 -1 -4 -2 -3 -4 -3 -3 -3 -1 -4 
      2900: -2 -2 -3 -3 -1 -1 -3 -2 -1 -2 -2 -2 -4 -3 -3 -3 -2 -4 -4 -4 -1 -2 -3 -2 -4 -2 -4 -3 -4 -3 
      Init:208: < 
    Assign:077: > 
    Assign:107: a{23123 29999 29999 26879} < 30000
    Assign:108: < u=130615
    Assign:077: > 
    Assign:107: a{23123 29999 29999 26879} < 30000
    Assign:108: < u=0
      main:224: l= 123444714
      Init:194: > 
 InitBases:154: > 
 InitBases:169: < 
 InitHomes:173: > 
 InitHomes:190: < 
      Init:
         0: -2 -2 -4 -3 -3 -3 -3 -4 -4 -2 -1 -1 -3 -1 -3 -4 -1 -4 -1 -2 -2 -1 -1 -3 -1 -4 -2 -1 -2 -4 
       100: -3 -1 -2 -2 -2 -2 -2 -1 -1 -2 -1 -2 -4 -1 -3 -3 -1 -2 -1 -1 -1 -3 -1 -2 -2 -1 -1 -1 -4 -3 
       200: -4 -1 -2 -2 -4 -1 -4 -3 -2 -2 -1 -4 -4 -2 -2 -1 -1 -4 -1 -3 -2 -1 -3 -4 -1 -1 -3 -4 -1 -4 
       300: +1 -2 -3 -3 -4 -2 -1 -4 -1 -2 -3 -4 -1 -4 -3 -1 -3 -3 -3 -1 -3 -2 -3 -3 -3 -1 -3 -2 -3 -3 
       400: -4 -2 -3 -2 -1 -2 -3 -1 -1 -1 -1 -1 -1 -1 -3 -1 -1 -2 -1 -3 -3 -1 -1 -3 -4 -4 -4 -3 -4 -1 
       500: -1 -2 -2 -2 -4 -1 -2 -1 -1 -2 -1 -3 -3 -1 -2 -4 -3 -3 -4 -1 -4 -2 -3 -3 -1 -1 -3 -4 -3 -4 
       600: -2 -2 -1 -1 -2 -3 -1 -3 -4 -1 -1 -4 -1 -3 -2 -2 -1 -2 -1 -2 -1 -3 -1 -4 -3 -3 -4 -4 -4 -2 
       700: -3 -4 -2 -2 -1 -2 -1 -4 -4 -3 -1 -1 -3 -1 -1 -4 -1 -1 -1 -1 -1 -3 -2 -2 -2 -2 -2 -4 -2 -3 
       800: -4 -2 -1 -2 -2 -3 -1 -4 -4 -4 -1 -4 -1 -1 -2 -4 -2 -4 -1 -2 -1 -1 -1 -2 -2 -1 -2 -3 -2 -1 
       900: -2 -2 -2 -2 -1 -2 -2 -2 -1 -1 -4 -2 -3 -1 -4 -1 -4 -2 -4 -4 -1 -2 -2 -3 -4 -1 -1 -3 -1 -3 
      1000: -3 -1 -2 -1 -2 -1 -2 -2 -1 -3 -2 -3 -1 -2 -2 -1 -4 -2 -1 -2 -1 -3 -2 -2 -1 -3 -1 -4 -3 -2 
      1100: -3 -2 -2 -2 -4 -2 -2 -1 -3 -2 -1 -1 -3 -3 -3 -1 -4 -1 -2 -2 -2 -4 -1 -1 -1 -1 -4 -3 -2 -4 
      1200: -1 -3 -1 -1 -2 -3 -2 -1 -2 -2 -1 -4 -2 -2 -3 -2 -2 -3 -3 -3 -3 -1 -1 -3 -1 -1 -3 -2 -2 -2 
      1300: -3 -2 -4 -4 -2 -4 -4 -1 -2 -1 -4 -1 -3 -4 -1 -2 -1 -4 -2 -2 -4 -2 -4 -4 -3 -4 -1 -3 -1 -4 
      1400: -4 -3 -1 -1 -3 -2 -2 -3 -3 -4 -3 -2 -4 -1 -1 -2 -3 -3 -1 -4 -2 -2 -2 -4 -1 -4 -1 -3 -3 -3 
      1500: -1 -4 -2 -1 -2 -1 -1 -1 -3 -4 -2 -3 -2 -4 -3 +4 -3 -4 -1 -2 -1 -4 -3 -2 -3 -1 -1 -3 -3 -1 
      1600: -4 -1 -2 -3 -3 -2 -2 -2 -4 -3 -1 -1 -3 -2 -4 -3 -2 -1 -4 -2 -4 -1 -4 -3 -1 -1 -3 -2 -4 -3 
      1700: -1 -3 -2 -3 -3 -3 -3 -1 -4 -4 -1 -4 -1 -4 -1 -2 -1 -4 -3 -1 -4 -1 -4 -4 -3 -4 -3 -4 -2 -3 
      1800: -1 -4 -3 -3 -1 -3 -1 -4 -1 -1 -4 -3 -4 -1 -2 -2 -3 -2 -1 -2 -1 -3 -4 -4 -1 -2 -3 -3 -1 -2 
      1900: -3 -4 -2 -2 -2 -4 -1 -1 -3 -3 -4 -2 -2 -1 -3 -1 -2 -2 -3 -1 -2 -3 -4 -2 -2 -3 -4 -2 -1 -4 
      2000: -1 -2 -4 -3 -4 -4 -2 -4 -2 -1 -4 -4 -1 -3 -1 -2 -1 -2 -2 -3 -3 -1 -3 -4 -1 -3 -3 -3 -2 -4 
      2100: -2 -1 -1 -3 -4 -3 -4 -2 -1 -4 -1 -2 -3 -1 -1 -1 -3 -1 -1 -3 -3 -2 -4 -4 -2 -1 -2 -1 -1 -1 
      2200: -4 -4 -4 -3 -4 +3 -1 -2 -4 -3 -4 -2 -3 -3 -2 -4 -1 -4 -1 -2 -2 -1 -2 -4 -1 -1 -4 -4 -4 -4 
      2300: -2 -3 -3 -1 -2 -2 -4 -3 -4 -2 -3 -1 -4 -3 -1 -3 -2 -4 -4 -1 -1 -4 -3 -4 -1 -1 -2 -3 -4 -3 
      2400: -1 -3 -4 -2 -1 -4 -2 -1 -2 -2 -3 -2 -3 -2 -4 -3 -4 -1 -3 -1 -2 -1 -1 -1 -3 -1 -3 -1 -1 -2 
      2500: -2 -4 -1 -2 -4 -1 -4 -2 -2 -3 -1 -1 -2 -1 -1 -3 -4 -3 -2 -3 -2 -4 -1 -4 -3 -1 -1 -2 -3 -4 
      2600: -1 -3 -2 -1 -3 -1 -3 -2 -3 -2 -3 -2 -3 -1 -2 -1 -1 -4 -3 -3 -4 -1 -1 -2 -2 -1 -2 -3 -3 -2 
      2700: -1 -4 -1 -1 -1 -4 -2 -2 -4 -3 -1 -3 -4 -3 -2 -4 -3 -2 -4 -3 -4 -3 -1 -4 -1 -2 -4 -4 +2 -2 
      2800: -4 -3 -2 -3 -3 -4 -3 -3 -2 -3 -2 -2 -2 -2 -4 -3 -4 -4 -3 -4 -3 -1 -1 -3 -4 -3 -3 -1 -4 -1 
      2900: -3 -1 -2 -2 -4 -1 -2 -2 -1 -2 -2 -2 -3 -1 -2 -3 -2 -3 -2 -3 -1 -3 -1 -2 -1 -1 -1 -2 -2 -4 
      Init:208: < 
    Assign:077: > 
    Assign:107: a{24118 25884 29999 29999} < 30000
    Assign:108: < u=120229
    Assign:077: > 
    Assign:107: a{24118 25884 29999 29999} < 30000
    Assign:108: < u=0
      main:224: l= 123272523
      Init:194: > 
 InitBases:154: > 
 InitBases:169: < 
 InitHomes:173: > 
 InitHomes:190: < 
      Init:
         0: -1 -1 -3 -1 -1 -3 -4 -2 -3 -3 -2 -2 -1 -4 -1 -3 -3 -4 -2 -4 -4 -2 -3 -4 -1 -1 -3 -1 -2 -3 
       100: -2 -1 -1 -2 -2 -2 -4 -2 -3 -4 -3 -2 -2 -1 -2 -2 -2 -2 -1 -1 -4 -4 -3 -4 -1 -2 -4 -4 -3 -2 
       200: -3 -2 -3 -4 -2 -3 -3 -3 -2 -3 -4 -1 -1 -2 -4 -4 -2 -4 -3 -3 -4 -2 -4 -2 -2 -2 -1 -4 -3 -4 
       300: -1 -2 -1 -3 -2 -3 -1 -3 -1 -3 -3 -4 -1 -4 -2 -1 -1 -1 -4 -3 -1 -2 -4 -3 -3 -4 -2 -1 -4 -3 
       400: -3 -4 -2 -3 -2 -4 -1 -2 -2 -2 -3 -4 -4 -2 -4 -3 -1 -3 -3 -1 -4 -2 -2 -4 -2 -4 -1 -2 -1 -3 
       500: -4 -1 -2 -3 -1 -3 -3 -3 -3 +1 -2 -3 -4 -1 -2 -1 -4 -2 -1 -4 -4 -1 -1 -4 -1 -2 -1 -1 -3 -3 
       600: -4 -1 -4 -4 -4 -1 -4 -2 -1 -1 -1 -2 -1 -1 +4 -1 -1 -4 -2 -2 -3 -1 -4 -1 -3 -3 -3 -4 -3 -4 
       700: -2 -2 -3 -1 -2 -1 -4 -3 -4 -1 -4 -1 -1 -4 -4 -1 -3 -2 -2 -4 -3 -4 -1 -3 -1 -4 -4 -1 -2 -2 
       800: -4 -3 -3 -4 -4 -3 -4 -1 -2 -2 -4 -3 -3 -3 -4 -3 -4 -1 -1 -4 -1 -2 -3 -1 -1 -2 -4 -4 -2 -2 
       900: -3 -3 -2 -3 -2 -2 -4 -2 -3 -3 -3 -2 -4 -1 -2 -1 -4 -4 -2 -3 -1 -2 -2 -2 -4 -1 -3 -1 -4 -2 
      1000: -4 -1 -2 -4 -2 -4 -1 -3 -1 -3 -1 -2 -2 -4 -3 -1 -1 -2 -3 -3 -3 -3 -2 -3 -2 -2 -2 -2 -1 -1 
      1100: -4 -1 -1 -4 -4 -2 -1 -2 -4 -4 -1 -2 -4 -2 -4 -2 -4 -4 -1 -4 -1 -1 -3 -1 -1 -1 -1 -1 -1 -2 
      1200: -3 -2 -3 -3 -1 -3 -3 -1 -4 -4 -2 -4 -2 -1 -1 -4 -4 -3 -1 -3 -2 -2 -3 -4 -2 -2 -1 -4 -1 -2 
      1300: -1 -1 -2 -3 -1 -4 -2 -1 -3 -2 -1 -4 -4 -3 -1 -3 -1 -1 -1 -2 -1 -1 -4 -1 -1 -3 -3 -1 -1 -2 
      1400: -2 -2 -1 -4 -1 -2 -4 -1 -4 -1 -3 -1 -4 -1 -3 -1 -1 -1 -2 -3 -2 -2 -1 -3 -4 -1 -4 -4 -3 -1 
      1500: -1 -2 -1 -2 -1 -3 -2 -4 -3 -2 -4 -2 -1 -3 -3 -2 -3 -4 -2 -3 -2 -4 -3 -3 -2 -4 -4 -2 -3 -4 
      1600: -1 -1 -3 -3 -2 -4 -2 -2 -2 -3 -1 -3 -4 -2 -4 -4 +2 -2 -3 -2 -1 -4 -1 -1 -3 -4 -2 -4 -1 -4 
      1700: -1 -3 -4 -3 -1 -2 -2 -4 -1 -2 -2 -1 -2 -1 -1 -4 -4 -1 -2 -3 -4 -2 -1 -4 -2 -3 -2 -2 -3 -4 
      1800: -4 +3 -2 -1 -4 -3 -4 -3 -3 -3 -2 -2 -3 -1 -4 -4 -1 -4 -4 -4 -4 -1 -4 -4 -2 -3 -2 -4 -1 -1 
      1900: -2 -3 -3 -3 -1 -3 -3 -2 -2 -4 -3 -2 -1 -1 -3 -3 -3 -1 -4 -1 -4 -1 -3 -2 -3 -3 -3 -3 -1 -2 
      2000: -3 -4 -4 -1 -3 -1 -2 -2 -1 -3 -3 -3 -4 -4 -1 -1 -4 -3 -4 -2 -2 -2 -1 -4 -1 -4 -1 -2 -3 -1 
      2100: -4 -2 -4 -1 -1 -2 -2 -4 -4 -4 -4 -3 -4 -1 -3 -2 -2 -3 -2 -1 -1 -1 -3 -3 -2 -1 -3 -3 -1 -1 
      2200: -1 -1 -1 -1 -1 -3 -2 -1 -3 -1 -2 -4 -4 -2 -4 -4 -2 -4 -4 -2 -2 -2 -3 -4 -2 -3 -3 -1 -3 -1 
      2300: -3 -4 -1 -4 -2 -2 -3 -3 -4 -1 -2 -2 -3 -2 -3 -1 -4 -1 -1 -4 -4 -1 -3 -1 -1 -4 -2 -3 -3 -4 
      2400: -4 -4 -4 -1 -4 -3 -1 -2 -3 -1 -3 -1 -4 -3 -4 -2 -3 -1 -2 -2 -3 -3 -2 -4 -1 -2 -1 -1 -2 -2 
      2500: -2 -3 -2 -4 -3 -3 -4 -3 -4 -2 -3 -2 -4 -4 -2 -4 -2 -4 -1 -2 -3 -1 -4 -4 -4 -3 -3 -2 -4 -2 
      2600: -1 -4 -1 -3 -4 -2 -2 -2 -1 -2 -4 -3 -4 -2 -1 -2 -3 -3 -2 -4 -4 -1 -2 -1 -2 -1 -2 -2 -4 -1 
      2700: -4 -1 -1 -3 -2 -4 -1 -3 -3 -3 -1 -4 -2 -1 -2 -1 -3 -3 -4 -4 -1 -3 -1 -2 -4 -4 -1 -2 -2 -2 
      2800: -1 -4 -1 -1 -2 -1 -1 -3 -2 -1 -2 -2 -4 -2 -4 -2 -4 -1 -3 -1 -4 -2 -1 -3 -1 -2 -1 -1 -1 -2 
      2900: -2 -3 -3 -4 -1 -3 -2 -3 -2 -1 -1 -4 -3 -2 -4 -3 -4 -3 -4 -2 -2 -1 -1 -1 -2 -3 -4 -2 -1 -3 
      Init:208: < 
    Assign:077: > 
    Assign:107: a{21931 29999 28071 29999} < 30000
    Assign:108: < u=119156
    Assign:077: > 
    Assign:107: a{21931 29999 28071 29999} < 30000
    Assign:108: < u=0
      main:224: l= 119794109
MAX : 2490000000
INIT:  199720088
LOSS: 2668399398
6.46user 0.15system 0:07.45elapsed 88%CPU (0avgtext+0avgdata 73204maxresident)k
0inputs+0outputs (0major+18376minor)pagefaults 0swaps
